start	end	seg_len
1126073529	1126075224	1695
1126075226	1126080539	5313
1126080541	1126083520	2979
1126083522	1126086553	3031
1126088511	1126089771	1260
1126089773	1126098729	8956
1126100142	1126111138	10996
1126164689	1126165915	1226
1126256829	1126264691	7862
1126301250	1126301382	132
1126301717	1126301897	180
1126301957	1126302050	93
1126302274	1126302437	163
1126302497	1126302557	60
1126302617	1126304365	1748
1126304777	1126304897	120
1126305077	1126305197	120
1126305377	1126305437	60
1126305557	1126305617	60
1126306937	1126307057	120
1126308670	1126309577	907
1126309637	1126309817	180
1126309877	1126310882	1005
1126310884	1126322994	12110
1126322996	1126327397	4401
1126327457	1126328957	1500
1126329017	1126330637	1620
1126330697	1126331060	363
1126401691	1126401917	226
1126401977	1126409763	7786
1126409930	1126410042	112
1126415204	1126420217	5013
1126420277	1126420940	663
1126423623	1126425848	2225
1126552683	1126552974	291
1126553154	1126553627	473
1126553801	1126555046	1245
1126555297	1126575197	19900
1126575257	1126586775	11518
1126586778	1126603333	16555
1126626157	1126628100	1943
1126643534	1126645392	1858
1126645951	1126657697	11746
1126657757	1126657817	60
1126657937	1126659317	1380
1126659377	1126663850	4473
1126663852	1126663871	19
1126663873	1126675574	11701
1126686694	1126691334	4640
1126787524	1126788031	507
1126791209	1126796396	5187
1126796398	1126807637	11239
1126807697	1126808537	840
1126808597	1126808777	180
1126808837	1126810637	1800
1126810817	1126813757	2940
1126813817	1126813877	60
1126814057	1126814177	120
1126814297	1126814357	60
1126814717	1126816037	1320
1126816097	1126816517	420
1126816577	1126818437	1860
1126818497	1126818557	60
1126818677	1126818737	60
1126818917	1126819517	600
1126819577	1126820117	540
1126820477	1126820597	120
1126820657	1126821917	1260
1126829493	1126830137	644
1126830197	1126830857	660
1126830917	1126831277	360
1126831757	1126832426	669
1126832717	1126833017	300
1126833077	1126833137	60
1126833377	1126833497	120
1126837277	1126838177	900
1126838237	1126841610	3373
1126841612	1126848327	6715
1126848329	1126849861	1532
1126868944	1126871897	2953
1126872077	1126872677	600
1126872737	1126873457	720
1126873517	1126873577	60
1126884724	1126885097	373
1126885217	1126885877	660
1126885937	1126886117	180
1126886177	1126886477	300
1126886537	1126886597	60
1126886777	1126886897	120
1126887137	1126887677	540
1126887977	1126888037	60
1126888397	1126888457	60
1126888517	1126888577	60
1126888637	1126893057	4420
1126908923	1126909037	114
1126910657	1126914257	3600
1126915037	1126915097	60
1126915157	1126915782	625
1126918131	1126918980	849
1126918982	1126927457	8475
1126927577	1126928357	780
1126928477	1126932377	3900
1126932497	1126937597	5100
1126937657	1126942368	4711
1126955146	1126963846	8700
1126987925	1126991568	3643
1126994684	1126999495	4811
1127000240	1127000990	750
1127000992	1127000993	1
1127000995	1127001013	18
1127001016	1127001019	3
1127001023	1127001027	4
1127001172	1127004055	2883
1127004057	1127010300	6243
1127010302	1127019011	8709
1127019013	1127047251	28238
1127047253	1127072295	25042
1127072545	1127074207	1662
1127088104	1127089697	1593
1127089757	1127090357	600
1127090477	1127090537	60
1127090657	1127091917	1260
1127092037	1127092215	178
1127094716	1127095447	731
1127095797	1127096837	1040
1127096897	1127100077	3180
1127100197	1127105477	5280
1127105537	1127108297	2760
1127108357	1127109797	1440
1127109857	1127111417	1560
1127119063	1127119517	454
1127119577	1127120537	960
1127120597	1127120670	73
1127120931	1127121289	358
1127121291	1127123897	2606
1127124017	1127124197	180
1127124497	1127126633	2136
1127126884	1127128336	1452
1127128872	1127129881	1009
1127129883	1127133359	3476
1127166399	1127166797	398
1127166857	1127167277	420
1127167337	1127169917	2580
1127169977	1127172026	2049
1127175352	1127175377	25
1127175437	1127179646	4209
1127179648	1127180171	523
1127180520	1127184737	4217
1127184797	1127189897	5100
1127189957	1127213184	23227
1127213186	1127216343	3157
1127216345	1127224040	7695
1127234560	1127245757	11197
1127245937	1127245997	60
1127246237	1127246297	60
1127246357	1127246537	180
1127246657	1127246897	240
1127247017	1127247077	60
1127247137	1127247377	240
1127247797	1127247857	60
1127247917	1127248037	120
1127248097	1127248817	720
1127248877	1127249177	300
1127249297	1127249477	180
1127249597	1127249657	60
1127249777	1127252057	2280
1127252117	1127256633	4516
1127258769	1127265437	6668
1127265497	1127271521	6024
1127308159	1127308397	238
1127308817	1127308877	60
1127309057	1127309117	60
1127309357	1127309477	120
1127309597	1127309717	120
1127309777	1127310497	720
1127326812	1127326997	185
1127327057	1127327315	258
1127327317	1127327357	40
1127327537	1127328497	960
1127328557	1127328977	420
1127329397	1127329457	60
1127329577	1127329701	124
1127329989	1127330117	128
1127330177	1127331295	1118
1127332459	1127332890	431
1127334068	1127334857	789
1127334917	1127335037	120
1127335157	1127335397	240
1127335457	1127339019	3562
1127339021	1127339417	396
1127339537	1127340017	480
1127340197	1127340317	120
1127340437	1127340497	60
1127340737	1127340797	60
1127340977	1127341157	180
1127341397	1127341457	60
1127341517	1127341817	300
1127341937	1127342537	600
1127343197	1127343317	120
1127343377	1127344498	1121
1127344500	1127347097	2597
1127347157	1127347217	60
1127347277	1127347637	360
1127348057	1127348083	26
1127348085	1127348117	32
1127348177	1127348537	360
1127348597	1127348897	300
1127348957	1127349257	300
1127349377	1127350217	840
1127350277	1127350337	60
1127350397	1127352257	1860
1127352317	1127352437	120
1127352497	1127352677	180
1127352737	1127352848	111
1127353384	1127353457	73
1127353577	1127353757	180
1127353817	1127354057	240
1127354117	1127354177	60
1127354297	1127354357	60
1127354477	1127355798	1321
1127355800	1127356637	837
1127356697	1127356757	60
1127356817	1127356917	100
1127356919	1127357237	318
1127357297	1127357357	60
1127357477	1127357537	60
1127357717	1127357777	60
1127358317	1127358377	60
1127358497	1127358557	60
1127358737	1127358797	60
1127359037	1127359097	60
1127359217	1127359277	60
1127359397	1127359457	60
1127359517	1127359577	60
1127359697	1127360057	360
1127360117	1127364257	4140
1127364557	1127364677	120
1127364737	1127367377	2640
1127367437	1127367737	300
1127368457	1127368517	60
1127368577	1127368877	300
1127368937	1127369117	180
1127369177	1127369237	60
1127369357	1127378209	8852
1127385080	1127386037	957
1127386097	1127387357	1260
1127387417	1127387600	183
1127388136	1127391599	3463
1127391601	1127398817	7216
1127399057	1127409171	10114
1127421917	1127421977	60
1127422397	1127422457	60
1127422517	1127422577	60
1127422637	1127423117	480
1127425104	1127425277	173
1127425337	1127425534	197
1127425536	1127427137	1601
1127427197	1127427748	551
1127427750	1127428157	407
1127428217	1127428457	240
1127428517	1127435297	6780
1127435357	1127435600	243
1127436136	1127436377	241
1127436617	1127436677	60
1127436737	1127436797	60
1127442977	1127443037	60
1127443157	1127443217	60
1127443277	1127443877	600
1127444177	1127444717	540
1127444837	1127444897	60
1127447357	1127447417	60
1127447537	1127447597	60
1127447957	1127448257	300
1127448497	1127448917	420
1127448977	1127449037	60
1127449397	1127449457	60
1127449517	1127449697	180
1127449877	1127449937	60
1127450237	1127450417	180
1127450537	1127451317	780
1127451557	1127451737	180
1127451857	1127451917	60
1127452097	1127452217	120
1127452397	1127452457	60
1127452757	1127452817	60
1127452937	1127452997	60
1127453057	1127453237	180
1127453417	1127453477	60
1127453537	1127453597	60
1127453657	1127454197	540
1127454857	1127454917	60
1127455217	1127455277	60
1127455337	1127455637	300
1127455937	1127456117	180
1127456177	1127458637	2460
1127458697	1127458997	300
1127459057	1127459117	60
1127459297	1127459477	180
1127459597	1127460551	954
1127464807	1127464895	88
1127467057	1127467097	40
1127467157	1127470037	2880
1127470097	1127470757	660
1127470937	1127471177	240
1127471357	1127471597	240
1127471657	1127471717	60
1127471777	1127472791	1014
1127472793	1127473037	244
1127474988	1127476277	1289
1127476337	1127477237	900
1127477297	1127479877	2580
1127479937	1127480177	240
1127480357	1127480537	180
1127480597	1127480657	60
1127481571	1127483226	1655
1127497037	1127497073	36
1127497443	1127497637	194
1127497757	1127497817	60
1127497877	1127499077	1200
1127505580	1127506095	515
1127507785	1127508129	344
1127508131	1127508496	365
1127512184	1127516902	4718
1127516904	1127538415	21511
1127542188	1127563330	21142
1127563332	1127565085	1753
1127600564	1127603597	3033
1127603657	1127603897	240
1127603957	1127604344	387
1127605981	1127610497	4516
1127610557	1127613326	2769
1127617667	1127622893	5226
1127622895	1127634250	11355
1127637592	1127658701	21109
1127658703	1127658897	194
1127664295	1127666082	1787
1127666339	1127668646	2307
1127678215	1127679028	813
1127688849	1127710579	21730
1127710581	1127719096	8515
1127719098	1127723005	3907
1127723007	1127733350	10343
1127733352	1127742709	9357
1127781937	1127793195	11258
1127793197	1127797783	4586
1127807931	1127808657	726
1127808659	1127808839	180
1127808841	1127809144	303
1127809146	1127809262	116
1127809264	1127811138	1874
1127811140	1127812118	978
1127812120	1127814167	2047
1127976803	1128000259	23456
1128000460	1128005353	4893
1128005355	1128007754	2399
1128035545	1128035610	65
1128036741	1128037349	608
1128039919	1128072513	32594
1128116549	1128121872	5323
1128122408	1128133877	11469
1128133879	1128154234	20355
1128154485	1128171655	17170
1128212167	1128238559	26392
1128238561	1128239687	1126
1128240543	1128266155	25612
1128266157	1128286641	20484
1128286643	1128299091	12448
1128318750	1128320656	1906
1128321192	1128325814	4622
1128325816	1128331217	5401
1128331338	1128331556	218
1128331558	1128331559	1
1128331564	1128331570	6
1128331572	1128331575	3
1128331578	1128331582	4
1128331584	1128331627	43
1128331631	1128331639	8
1128331642	1128331773	131
1128331775	1128331777	2
1128331779	1128331788	9
1128331791	1128331817	26
1128331877	1128331931	54
1128331934	1128332954	1020
1128332956	1128335870	2914
1128335874	1128340236	4362
1128340238	1128351692	11454
1128387596	1128388094	498
1128388096	1128388858	762
1128389405	1128404000	14595
1128404291	1128406196	1905
1128407435	1128421524	14089
1128422763	1128425941	3178
1128426238	1128429151	2913
1128429153	1128432601	3448
1128432991	1128441561	8570
1128441563	1128444240	2677
1128445225	1128459298	14073
1128465254	1128466256	1002
1128466792	1128468203	1411
1128468205	1128469140	935
1128469200	1128473882	4682
1128473884	1128485827	11943
1128485829	1128497088	11259
1128497090	1128504361	7271
1128538016	1128538303	287
1128538305	1128538323	18
1128538327	1128538329	2
1128538332	1128538335	3
1128538341	1128538349	8
1128538352	1128538381	29
1128538385	1128538479	94
1128538481	1128538483	2
1128538486	1128539722	1236
1128618578	1128621839	3261
1128621841	1128634866	13025
1128634868	1128640101	5233
1128640103	1128641735	1632
1128643606	1128648848	5242
1128648850	1128688467	39617
1128688737	1128694756	6019
1128694758	1128694800	42
1128694920	1128695160	240
1128695280	1128695460	180
1128695520	1128697320	1800
1128697380	1128697740	360
1128697800	1128698280	480
1128698340	1128699900	1560
1128700020	1128700260	240
1128700380	1128700620	240
1128700740	1128701040	300
1128701100	1128702480	1380
1128702540	1128703380	840
1128703440	1128703500	60
1128703560	1128704640	1080
1128704700	1128705480	780
1128705600	1128706020	420
1128706200	1128706638	438
1128706640	1128706898	258
1128736191	1128736311	120
1128736313	1128740606	4293
1128740608	1128740621	13
1128740623	1128740634	11
1128740636	1128740641	5
1128740647	1128740650	3
1128740652	1128740655	3
1128740665	1128740666	1
1128740685	1128740688	3
1128740690	1128740691	1
1128740693	1128740715	22
1128740835	1128741255	420
1128741257	1128741542	285
1128741552	1128741553	1
1128741557	1128741560	3
1128741564	1128741565	1
1128741572	1128741573	1
1128741578	1128741596	18
1128741598	1128741681	83
1128741684	1128741687	3
1128741689	1128741690	1
1128741692	1128741695	3
1128741707	1128741708	1
1128741713	1128741715	2
1128741717	1128741720	3
1128741722	1128741723	1
1128741725	1128763899	22174
1128771811	1128775559	3748
1128775922	1128776436	514
1128813341	1128824629	11288
1128824904	1128830762	5858
1128833654	1128837795	4141
1128870937	1128872460	1523
1128872580	1128873000	420
1128873120	1128873899	779
1128876392	1128876769	377
1128877020	1128878520	1500
1128878640	1128879180	540
1128879360	1128880035	675
1128892523	1128894292	1769
1128894543	1128895812	1269
1128899369	1128904753	5384
1128905004	1128913468	8464
1128913718	1128922730	9012
1128929810	1128929842	32
1128931801	1128933662	1861
1128933913	1128938925	5012
1128939245	1128940022	777
1128940272	1128947402	7130
1128947653	1128949020	1367
1128949080	1128950831	1751
1128950833	1128953940	3107
1128954060	1128954120	60
1128954240	1128954360	120
1128954420	1128954480	60
1128954600	1128955314	714
1128955316	1128956513	1197
1128988282	1128997504	9222
1128997506	1129003849	6343
1129007625	1129008348	723
1129008351	1129011308	2957
1129035879	1129039560	3681
1129039680	1129040640	960
1129040760	1129041000	240
1129041120	1129043340	2220
1129043460	1129044240	780
1129044300	1129045560	1260
1129045680	1129045980	300
1129046040	1129046280	240
1129046400	1129048320	1920
1129048380	1129048440	60
1129048560	1129048740	180
1129048800	1129050000	1200
1129050120	1129050540	420
1129050600	1129050720	120
1129050780	1129051918	1138
1129051920	1129052628	708
1129061194	1129061253	59
1129065876	1129067220	1344
1129067340	1129067880	540
1129067940	1129068120	180
1129068240	1129085501	17261
1129087819	1129096460	8641
1129096462	1129118968	22506
1129216201	1129218462	2261
1129244960	1129257251	12291
1129273986	1129287819	13833
1129287821	1129294718	6897
1129300460	1129300740	280
1129300860	1129301025	165
1129309612	1129309860	248
1129309920	1129311240	1320
1129311480	1129312500	1020
1129312620	1129312740	120
1129328636	1129334437	5801
1129337279	1129341383	4104
1129343797	1129364656	20859
1129364658	1129364688	30
1129365224	1129368185	2961
1129368187	1129369936	1749
1129370472	1129381413	10941
1129482594	1129485480	2886
1129485600	1129486718	1118
1129488891	1129489147	256
1129498503	1129498756	253
1129512383	1129520523	8140
1129520526	1129520527	1
1129520529	1129523645	3116
1129523647	1129529340	5693
1129529342	1129529343	1
1129529345	1129530558	1213
1129530560	1129542699	12139
1129542703	1129560840	18137
1129560960	1129566061	5101
1129619484	1129622068	2584
1129622956	1129627649	4693
1129633206	1129637823	4617
1129638314	1129643773	5459
1129643775	1129648547	4772
1129660038	1129660407	369
1129660409	1129660580	171
1129660582	1129661855	1273
1129674847	1129676608	1761
1129684877	1129685744	867
1129685746	1129688794	3048
1129697674	1129697729	55
1129697731	1129701315	3584
1129721697	1129736376	14679
1129742732	1129743297	565
1129745176	1129745360	184
1129747226	1129752779	5553
1129755792	1129756504	712
1129758552	1129760576	2024
1129773438	1129776761	3323
1129786110	1129790631	4521
1129790635	1129795795	5160
1129795797	1129800360	4563
1129800362	1129800714	352
1129800716	1129800886	170
1129800889	1129800917	28
1129979732	1129986194	6462
1130018622	1130019000	378
1130019060	1130021580	2520
1130021640	1130022832	1192
1130023552	1130024424	872
1130024829	1130025815	986
1130026512	1130027531	1019
1130027698	1130030580	2882
1130030640	1130066791	36151
1130075051	1130078332	3281
1130079126	1130079840	714
1130079900	1130080260	360
1130080380	1130081100	720
1130081220	1130081400	180
1130081520	1130081880	360
1130081940	1130082300	360
1130082360	1130082840	480
1130082900	1130083800	900
1130083920	1130084400	480
1130084520	1130084807	287
1130086404	1130086800	396
1130086920	1130087460	540
1130087520	1130087544	24
1130087919	1130088000	81
1130088060	1130088337	277
1130128678	1130146718	18040
1130146720	1130164504	17784
1130170615	1130170740	125
1130171209	1130178240	7031
1130178300	1130184000	5700
1130184060	1130184410	350
1130187911	1130188560	649
1130188620	1130190960	2340
1130191020	1130192283	1263
1130196168	1130200684	4516
1130200686	1130210873	10187
1130210875	1130224391	13516
1130224393	1130235603	11210
1130235608	1130244154	8546
1130313067	1130313751	684
1130313753	1130313763	10
1130313766	1130313809	43
1130313817	1130313827	10
1130317454	1130326814	9360
1130326816	1130326889	73
1130326896	1130326899	3
1130326902	1130326903	1
1130327024	1130327025	1
1130327027	1130327098	71
1130327100	1130327105	5
1130327107	1130327119	12
1130327122	1130327127	5
1130327129	1130327130	1
1130327132	1130327133	1
1130327137	1130327143	6
1130327205	1130327211	6
1130327213	1130330490	3277
1130475459	1130477303	1844
1130477306	1130479541	2235
1130479543	1130482404	2861
1130482406	1130482411	5
1130499285	1130501139	1854
1130501141	1130514420	13279
1130514480	1130520360	5880
1130520420	1130520620	200
1130520898	1130521560	662
1130521620	1130525903	4283
1130525905	1130545189	19284
1130546106	1130559233	13127
1130572617	1130576083	3466
1130576085	1130578448	2363
1130585400	1130591332	5932
1130591334	1130594443	3109
1130638260	1130638974	714
1130638976	1130645697	6721
1130667304	1130675171	7867
1130675332	1130685317	9985
1130685320	1130685390	70
1130685392	1130685395	3
1130685397	1130685661	264
1130685666	1130687171	1505
1130687173	1130687676	503
1130687680	1130688703	1023
1130688763	1130688807	44
1130688809	1130688863	54
1130688865	1130688968	103
1130688970	1130688975	5
1130688978	1130689006	28
1130723636	1130731546	7910
1130731548	1130743336	11788
1130744618	1130753414	8796
1130767176	1130781297	14121
1130781299	1130807319	26020
1130807322	1130835738	28416
1130835740	1130854966	19226
1130854970	1130859980	5010
1130859983	1130862390	2407
1130862392	1130864259	1867
1130875481	1130889650	14169
1130893220	1130895993	2773
1130899824	1130904871	5047
1130904873	1130916245	11372
1130942416	1130943616	1200
1130962556	1130965832	3276
1130969522	1130973762	4240
1131145278	1131145874	596
1131146129	1131146351	222
1131146353	1131146660	307
1131146662	1131147058	396
1131147060	1131147698	638
1131147700	1131147915	215
1131147917	1131147997	80
1131147999	1131148211	212
1131148462	1131148542	80
1131148544	1131149425	881
1131149427	1131149756	329
1131149758	1131149878	120
1131149880	1131149904	24
1131149906	1131150279	373
1131150281	1131150358	77
1131150360	1131150570	210
1131150572	1131150708	136
1131150710	1131151038	328
1131151040	1131151678	638
1131151680	1131151935	255
1131151937	1131152659	722
1131152661	1131153455	794
1131153457	1131155018	1561
1131155020	1131156320	1300
1131156322	1131156648	326
1131156650	1131157250	600
1131157253	1131157654	401
1131157656	1131157755	99
1131157757	1131157867	110
1131157869	1131158205	336
1131158208	1131158220	12
1131158222	1131158611	389
1131158613	1131158866	253
1131158868	1131158983	115
1131158985	1131158991	6
1131158993	1131159249	256
1131159251	1131159317	66
1131159319	1131159400	81
1131159402	1131159459	57
1131159461	1131159866	405
1131159869	1131160063	194
1131160065	1131160218	153
1131160220	1131160570	350
1131160572	1131160725	153
1131160727	1131160823	96
1131160825	1131161590	765
1131161592	1131162629	1037
1131162631	1131162813	182
1131162815	1131162990	175
1131162992	1131163421	429
1131163423	1131163592	169
1131163594	1131163631	37
1131163633	1131163845	212
1131163847	1131165569	1722
1131165571	1131165927	356
1131165929	1131165960	31
1131166521	1131166598	77
1131166600	1131166657	57
1131166659	1131167100	441
1131167102	1131167246	144
1131167248	1131167355	107
1131167357	1131167456	99
1131167458	1131168249	791
1131168251	1131168898	647
1131168900	1131169482	582
1131169485	1131169819	334
1131169821	1131170124	303
1131170126	1131172489	2363
1131172491	1131172660	169
1131172662	1131173494	832
1131173496	1131173650	154
1131173652	1131174121	469
1131174123	1131174247	124
1131174250	1131174400	150
1131174402	1131174908	506
1131174911	1131176960	2049
1131176962	1131177192	230
1131177194	1131177343	149
1131177345	1131177469	124
1131177471	1131177527	56
1131177530	1131177780	250
1131177782	1131178401	619
1131178403	1131179533	1130
1131182058	1131184277	2219
1131184279	1131184659	380
1131184661	1131184936	275
1131184938	1131185335	397
1131185337	1131185472	135
1131185474	1131185482	8
1131185484	1131186244	760
1131186246	1131186300	54
1131186302	1131186613	311
1131186615	1131186675	60
1131186677	1131187023	346
1131187025	1131187302	277
1131187304	1131187851	547
1131187853	1131188044	191
1131188046	1131188228	182
1131188230	1131189337	1107
1131189339	1131190469	1130
1131191403	1131191797	394
1131191799	1131191814	15
1131191816	1131191895	79
1131191897	1131192126	229
1131192128	1131192320	192
1131192322	1131192331	9
1131192333	1131192504	171
1131192506	1131192768	262
1131192770	1131193385	615
1131269743	1131269821	78
1131269823	1131270001	178
1131270003	1131270610	607
1131270612	1131270737	125
1131270739	1131272451	1712
1131272453	1131272859	406
1131293845	1131294497	652
1131294499	1131295054	555
1131295056	1131295468	412
1131295470	1131295682	212
1131295684	1131296484	800
1131296486	1131296857	371
1131296859	1131297949	1090
1131297951	1131298028	77
1131298030	1131298688	658
1131298690	1131298698	8
1131308708	1131308745	37
1131308747	1131308974	227
1131309187	1131314499	5312
1131319276	1131320994	1718
1131320996	1131321189	193
1131321191	1131321316	125
1131321318	1131321641	323
1131321643	1131322488	845
1131322490	1131331621	9131
1131331623	1131333068	1445
1131333070	1131333697	627
1131333699	1131334578	879
1131334580	1131334715	135
1131335337	1131337366	2029
1131337368	1131340129	2761
1131340131	1131340497	366
1131340499	1131342401	1902
1131342403	1131342976	573
1131342978	1131343132	154
1131343134	1131343137	3
1131343140	1131343173	33
1131343175	1131343205	30
1131343207	1131343260	53
1131343262	1131343291	29
1131343293	1131343296	3
1131343298	1131343301	3
1131343303	1131343305	2
1131343308	1131343316	8
1131343319	1131343334	15
1131343336	1131343339	3
1131343341	1131343359	18
1131343361	1131343363	2
1131343366	1131343369	3
1131343371	1131343379	8
1131343381	1131343385	4
1131343387	1131343390	3
1131343392	1131343396	4
1131347945	1131348258	313
1131348260	1131350286	2026
1131350288	1131351241	953
1131351243	1131351281	38
1131351283	1131353277	1994
1131353279	1131354572	1293
1131354574	1131354765	191
1131354767	1131354977	210
1131354979	1131355010	31
1131355013	1131355426	413
1131355428	1131355528	100
1131355530	1131356219	689
1131356221	1131357247	1026
1131357249	1131357311	62
1131357313	1131358072	759
1131358074	1131358692	618
1131358694	1131360372	1678
1131360374	1131360995	621
1131360997	1131361097	100
1131361099	1131363564	2465
1131363566	1131363799	233
1131363801	1131363871	70
1131364956	1131365348	392
1131365351	1131365909	558
1131365911	1131365946	35
1131365948	1131368562	2614
1131368564	1131370343	1779
1131370345	1131371077	732
1131371079	1131372170	1091
1131376954	1131377049	95
1131377051	1131377108	57
1131377306	1131377916	610
1131378295	1131378583	288
1131378585	1131379338	753
1131379340	1131381571	2231
1131381573	1131381887	314
1131381889	1131383141	1252
1131383143	1131384363	1220
1131384365	1131384758	393
1131384760	1131384789	29
1131384791	1131384989	198
1131384993	1131385050	57
1131385052	1131385262	210
1131385264	1131386169	905
1131386171	1131387094	923
1131394911	1131395474	563
1131395476	1131397208	1732
1131397210	1131397345	135
1131397984	1131399005	1021
1131399007	1131400360	1353
1131400362	1131400452	90
1131400454	1131401084	630
1131401086	1131402241	1155
1131402243	1131403562	1319
1131403564	1131404151	587
1131404153	1131405141	988
1131405409	1131407570	2161
1131407572	1131407838	266
1131407840	1131410460	2620
1131410462	1131411737	1275
1131411739	1131411948	209
1131411950	1131412299	349
1131412301	1131414674	2373
1131414676	1131414847	171
1131414849	1131415250	401
1131415252	1131415453	201
1131415455	1131416827	1372
1131416829	1131416986	157
1131416989	1131417223	234
1131417225	1131417838	613
1131417840	1131418298	458
1131418300	1131419052	752
1131419054	1131419390	336
1131419392	1131420533	1141
1131420535	1131420611	76
1131420613	1131420812	199
1131420815	1131421802	987
1131421804	1131422012	208
1131422014	1131422308	294
1131422310	1131422861	551
1131422864	1131423864	1000
1131423866	1131424028	162
1131424031	1131424154	123
1131424156	1131425886	1730
1131425888	1131426271	383
1131599292	1131599463	171
1131599466	1131600606	1140
1131600921	1131600974	53
1131601351	1131601483	132
1131601485	1131601712	227
1131601714	1131601909	195
1131601911	1131602540	629
1131602542	1131602723	181
1131602725	1131603304	579
1131603306	1131603489	183
1131603491	1131604227	736
1131604229	1131604246	17
1131604248	1131604641	393
1131604643	1131604657	14
1131604659	1131604710	51
1131604712	1131605095	383
1131605097	1131605355	258
1131605357	1131606127	770
1131606129	1131606155	26
1131606157	1131607133	976
1131607135	1131607141	6
1131607143	1131607936	793
1131607938	1131608186	248
1131608188	1131608691	503
1131608693	1131608895	202
1131608897	1131609709	812
1131609711	1131609847	136
1131609849	1131610629	780
1131610631	1131611646	1015
1131611648	1131612237	589
1131612239	1131613010	771
1131613012	1131613070	58
1131613072	1131613116	44
1131613118	1131613178	60
1131613180	1131613232	52
1131613234	1131614551	1317
1131614553	1131615397	844
1131615400	1131616327	927
1131634229	1131634481	252
1131634483	1131634542	59
1131634544	1131634915	371
1131634917	1131635460	543
1131635462	1131636950	1488
1131636952	1131637421	469
1131637423	1131638432	1009
1131638434	1131638650	216
1131638652	1131638697	45
1131638699	1131639533	834
1131639535	1131641385	1850
1131641387	1131641635	248
1131641637	1131642203	566
1131642205	1131642294	89
1131642296	1131643268	972
1131643270	1131643465	195
1131643467	1131644524	1057
1131644526	1131644756	230
1131644758	1131644845	87
1131644847	1131646150	1303
1131646152	1131647696	1544
1131648702	1131648878	176
1131648880	1131650168	1288
1131650170	1131650348	178
1131650350	1131650419	69
1131650421	1131651534	1113
1131651536	1131652120	584
1131652122	1131652300	178
1131652302	1131653771	1469
1131653773	1131653975	202
1131653977	1131655663	1686
1131655665	1131655927	262
1131656641	1131656728	87
1131656730	1131657430	700
1131657432	1131657808	376
1131657810	1131658804	994
1131658806	1131659115	309
1131659118	1131659498	380
1131659500	1131659645	145
1131659647	1131659681	34
1131659683	1131660155	472
1131660157	1131660164	7
1131660166	1131660224	58
1131660226	1131660557	331
1131660559	1131660948	389
1131660950	1131662393	1443
1131662395	1131663085	690
1131663087	1131663615	528
1131663617	1131664139	522
1131664141	1131664394	253
1131664396	1131665254	858
1131704322	1131706152	1830
1131706154	1131706283	129
1131706285	1131717650	11365
1131718585	1131723872	5287
1131723874	1131725337	1463
1131725339	1131727639	2300
1131736295	1131736450	155
1131736452	1131737248	796
1131740269	1131741112	843
1131741114	1131741249	135
1131741251	1131742028	777
1131742030	1131742121	91
1131742123	1131742157	34
1131747252	1131747900	648
1131747903	1131748901	998
1131748903	1131750294	1391
1131750296	1131751133	837
1131751135	1131754295	3160
1131754297	1131755857	1560
1131755859	1131755874	15
1131755876	1131757585	1709
1131757587	1131758765	1178
1131758767	1131759176	409
1131759178	1131759570	392
1131759572	1131762041	2469
1131762043	1131762810	767
1131762812	1131763420	608
1131763422	1131763980	558
1131763982	1131765588	1606
1131765590	1131766921	1331
1131766923	1131767878	955
1131767880	1131769651	1771
1131769653	1131772299	2646
1131772301	1131772335	34
1131944359	1131944382	23
1131944384	1131944387	3
1131944389	1131944400	11
1131944402	1131944409	7
1131944411	1131944418	7
1131944420	1131944435	15
1131944438	1131944453	15
1131944456	1131944465	9
1131944467	1131944473	6
1131944475	1131944476	1
1131944480	1131944485	5
1131944487	1131944489	2
1131944492	1131944519	27
1131944521	1131944549	28
1131944551	1131944613	62
1131944615	1131944637	22
1131944639	1131944642	3
1131944645	1131944653	8
1131944655	1131944659	4
1131944664	1131944676	12
1131944678	1131944682	4
1131944685	1131944713	28
1131944715	1131944728	13
1131944730	1131944733	3
1131944735	1131944736	1
1131944739	1131944742	3
1131944744	1131944752	8
1131944754	1131944764	10
1131944766	1131944773	7
1131944775	1131944784	9
1131944786	1131944804	18
1131944808	1131944815	7
1131944817	1131944899	82
1131944901	1131944904	3
1131944907	1131944915	8
1131944917	1131944927	10
1131944929	1131944945	16
1131944948	1131944962	14
1131944964	1131944975	11
1131944977	1131945008	31
1131945010	1131945015	5
1131945017	1131945033	16
1131945035	1131945085	50
1131945088	1131945096	8
1131945098	1131945114	16
1131945116	1131945137	21
1131945139	1131945192	53
1131945194	1131945199	5
1131945201	1131945210	9
1131945212	1131945224	12
1131945226	1131945233	7
1131945235	1131945241	6
1131945244	1131945263	19
1131945265	1131945280	15
1131945282	1131945293	11
1131945295	1131945312	17
1131945314	1131945365	51
1131945367	1131945370	3
1131945372	1131945373	1
1131945375	1131945379	4
1131945382	1131945407	25
1131945409	1131945419	10
1131945421	1131945448	27
1131945450	1131945462	12
1131945465	1131945512	47
1131945515	1131945549	34
1131945551	1131945590	39
1131945594	1131945601	7
1131945604	1131945650	46
1131945652	1131945654	2
1131945657	1131945658	1
1131945661	1131945675	14
1131945677	1131945700	23
1131945702	1131945732	30
1131945734	1131945760	26
1131945762	1131945777	15
1131945779	1131945794	15
1131945796	1131945854	58
1131945857	1131945891	34
1131945893	1131945915	22
1131945917	1131945942	25
1131945944	1131945983	39
1131945985	1131946010	25
1131946013	1131946031	18
1131946033	1131946044	11
1131946046	1131946051	5
1131946054	1131946060	6
1131946065	1131946071	6
1131946073	1131946077	4
1131946079	1131946104	25
1131946106	1131946112	6
1131946116	1131946126	10
1131946128	1131946159	31
1131946162	1131946175	13
1131946177	1131946187	10
1131946189	1131946195	6
1131946197	1131946207	10
1131946209	1131946231	22
1131946233	1131946237	4
1131946239	1131946241	2
1131946244	1131946247	3
1131946251	1131946256	5
1131946258	1131946259	1
1131946262	1131946264	2
1131946266	1131946288	22
1131946290	1131946299	9
1131946302	1131946325	23
1131946328	1131946356	28
1131946358	1131946383	25
1131946385	1131946466	81
1131946469	1131946479	10
1131946481	1131946500	19
1131946503	1131946549	46
1131946551	1131946595	44
1131946597	1131946598	1
1131946600	1131946662	62
1131946664	1131946665	1
1131946667	1131946676	9
1131946678	1131946762	84
1131946765	1131946808	43
1131946810	1131946816	6
1131946818	1131946844	26
1131946846	1131946872	26
1131946874	1131946896	22
1131946898	1131946932	34
1131946934	1131946936	2
1131946938	1131946940	2
1131946942	1131946958	16
1131946961	1131946981	20
1131946983	1131947011	28
1131947014	1131947016	2
1131947019	1131947028	9
1131947030	1131947034	4
1131947036	1131947039	3
1131947041	1131947074	33
1131947076	1131947084	8
1131947086	1131947131	45
1131947134	1131947144	10
1131947147	1131947163	16
1131947165	1131947173	8
1131947175	1131947204	29
1131947206	1131947240	34
1131947242	1131947243	1
1131947246	1131947287	41
1131947290	1131947299	9
1131947301	1131947345	44
1131947347	1131947360	13
1131947363	1131947386	23
1131947388	1131947433	45
1131947436	1131947466	30
1131947468	1131947471	3
1131947473	1131947495	22
1131947499	1131947542	43
1131947544	1131947580	36
1131947582	1131947631	49
1131947633	1131947666	33
1131947668	1131947688	20
1131947690	1131947703	13
1131947707	1131947764	57
1131947766	1131947784	18
1131947786	1131947811	25
1131947813	1131947825	12
1131947827	1131947831	4
1131947833	1131947836	3
1131947840	1131947864	24
1131947866	1131947875	9
1131947877	1131947881	4
1131947883	1131947904	21
1131947908	1131947910	2
1131947912	1131947925	13
1131947927	1131947973	46
1131947975	1131947996	21
1131947998	1131948004	6
1131948006	1131948008	2
1131948010	1131948012	2
1131948015	1131948028	13
1131948030	1131948040	10
1131948042	1131948056	14
1131948059	1131948069	10
1131948071	1131948085	14
1131948087	1131948114	27
1131948116	1131948118	2
1131948120	1131948136	16
1131948138	1131948144	6
1131948146	1131948174	28
1131948176	1131948180	4
1131948183	1131948188	5
1131948191	1131948205	14
1131948207	1131948217	10
1131948219	1131948236	17
1131948238	1131948254	16
1131948257	1131948305	48
1131948307	1131948320	13
1131948322	1131948362	40
1131948364	1131948365	1
1131948369	1131948377	8
1131948380	1131948382	2
1131948384	1131948453	69
1131948456	1131948475	19
1131948477	1131948508	31
1131948513	1131948642	129
1131948644	1131948663	19
1131948667	1131948709	42
1131948711	1131948737	26
1131948740	1131948749	9
1131948752	1131948783	31
1131948785	1131948821	36
1131948824	1131948873	49
1131948875	1131948935	60
1131948937	1131948970	33
1131948972	1131948978	6
1131948981	1131949017	36
1131949020	1131949029	9
1131949031	1131949061	30
1131949063	1131949067	4
1131949069	1131949130	61
1131949132	1131949134	2
1131949137	1131949140	3
1131949143	1131949149	6
1131949151	1131949169	18
1131949171	1131949210	39
1131949212	1131949250	38
1131949252	1131949257	5
1131949259	1131949275	16
1131949277	1131949300	23
1131949302	1131949315	13
1131949317	1131949329	12
1131949333	1131949389	56
1131949391	1131949406	15
1131949408	1131949431	23
1131949434	1131949441	7
1131949443	1131949469	26
1131949471	1131949495	24
1131949497	1131949519	22
1131949521	1131949552	31
1131949554	1131949556	2
1131949560	1131949585	25
1131949587	1131949588	1
1131949590	1131949600	10
1131949602	1131949603	1
1131949605	1131949619	14
1131949622	1131949623	1
1131949625	1131949630	5
1131949632	1131949633	1
1131949635	1131949693	58
1131949695	1131949775	80
1131949777	1131949797	20
1131949799	1131949812	13
1131949814	1131949841	27
1131949843	1131949847	4
1131949851	1131949866	15
1131949868	1131949883	15
1131949885	1131949934	49
1131949938	1131949952	14
1131949954	1131950017	63
1131950020	1131950073	53
1131950075	1131950077	2
1131950079	1131950122	43
1131950125	1131950156	31
1131950158	1131950177	19
1131950179	1131950202	23
1131950205	1131950211	6
1131950213	1131950216	3
1131950218	1131950228	10
1131950230	1131950244	14
1131950247	1131950252	5
1131950255	1131950256	1
1131950258	1131950303	45
1131950305	1131950307	2
1131950309	1131950320	11
1131950324	1131950358	34
1131950360	1131950370	10
1131950372	1131950419	47
1131950422	1131950448	26
1131950450	1131950513	63
1131950515	1131950518	3
1131950520	1131950554	34
1131950556	1131950585	29
1131950588	1131950596	8
1131950598	1131950604	6
1131950607	1131950658	51
1131950662	1131950712	50
1131950715	1131950765	50
1131950767	1131950800	33
1131950802	1131950865	63
1131950867	1131950871	4
1131950873	1131950878	5
1131950880	1131950885	5
1131950891	1131950921	30
1131950923	1131950935	12
1131950937	1131950950	13
1131950953	1131950954	1
1131950956	1131950963	7
1131950965	1131950992	27
1131987041	1131987070	29
1131987072	1131987079	7
1131987081	1131987082	1
1131987084	1131987087	3
1131987089	1131987109	20
1131987112	1131987132	20
1131987135	1131987144	9
1131987146	1131987190	44
1131987194	1131987199	5
1131987201	1131987215	14
1131987218	1131987220	2
1131987222	1131987247	25
1131987249	1131987258	9
1131987261	1131987271	10
1131987273	1131987278	5
1131987280	1131987297	17
1131987299	1131987301	2
1131987303	1131987323	20
1131987325	1131987350	25
1131987353	1131987368	15
1131987370	1131987397	27
1131987399	1131987451	52
1131987453	1131987480	27
1131987482	1131987487	5
1131987492	1131987494	2
1131987497	1131987510	13
1131987512	1131987513	1
1131987515	1131987530	15
1131987532	1131987549	17
1131987552	1131987573	21
1131987576	1131987581	5
1131987583	1131987589	6
1131987591	1131987606	15
1131987608	1131987618	10
1131987620	1131987625	5
1131987628	1131987630	2
1131987634	1131987638	4
1131987640	1131987657	17
1131987659	1131987666	7
1131987668	1131987669	1
1131987671	1131987676	5
1131987678	1131987688	10
1131987691	1131987703	12
1131987705	1131987749	44
1131987751	1131987762	11
1131987765	1131987766	1
1131987769	1131987772	3
1131987774	1131987778	4
1131987780	1131987793	13
1131987795	1131987813	18
1131987815	1131987817	2
1131987819	1131987848	29
1131987850	1131987854	4
1131987859	1131987868	9
1131987871	1131987874	3
1131987877	1131987881	4
1131987883	1131987890	7
1131987894	1131987905	11
1131987907	1131987920	13
1131987922	1131987931	9
1131987933	1131988025	92
1131988027	1131988034	7
1131988037	1131988047	10
1131988049	1131988083	34
1131988085	1131988089	4
1131988091	1131988125	34
1131988127	1131988142	15
1131988144	1131988148	4
1131988150	1131988151	1
1131988153	1131988181	28
1131988184	1131988214	30
1131988216	1131988228	12
1131988230	1131988263	33
1131988265	1131988271	6
1132013797	1132015737	1940
1132015739	1132016316	577
1132016988	1132026630	9642
1132028897	1132035035	6138
1132046782	1132057611	10829
1132058221	1132058814	593
1132058816	1132064206	5390
1132065388	1132071636	6248
1132073070	1132080828	7758
1132087677	1132090332	2655
1132100563	1132100783	220
1132100785	1132101255	470
1132101257	1132101751	494
1132101753	1132102305	552
1132102307	1132103452	1145
1132108612	1132113783	5171
1132113785	1132119479	5694
1132120165	1132120304	139
1132120308	1132122424	2116
1132122426	1132123922	1496
1132123924	1132126154	2230
1132126156	1132130708	4552
1132130711	1132130741	30
1132130744	1132130801	57
1132130803	1132136411	5608
1132136413	1132140352	3939
1132140354	1132141397	1043
1132141458	1132141975	517
1132141977	1132146836	4859
1132146838	1132149476	2638
1132149478	1132152547	3069
1132152549	1132156353	3804
1132156355	1132159730	3375
1132159732	1132161022	1290
1132161024	1132161472	448
1132161474	1132162462	988
1132162466	1132162498	32
1132162501	1132162558	57
1132162560	1132163892	1332
1132163894	1132164961	1067
1132164963	1132165279	316
1132165281	1132165569	288
1132165571	1132168591	3020
1132168593	1132175484	6891
1132175998	1132184024	8026
1132221268	1132223314	2046
1132226225	1132227500	1275
1132227502	1132228048	546
1132260972	1132261499	527
1132261501	1132261504	3
1132266988	1132273069	6081
1132273787	1132275755	1968
1132275757	1132278319	2562
1132278321	1132279856	1535
1132279858	1132285862	6004
1132286085	1132286753	668
1132286756	1132287598	842
1132332581	1132333586	1005
1132333862	1132339319	5457
1132339524	1132339954	430
1132342472	1132342896	424
1132371569	1132372300	731
1132372302	1132372744	442
1132372746	1132374482	1736
1132374484	1132384254	9770
1132384256	1132398697	14441
1132398699	1132406881	8182
1132406883	1132409063	2180
1132503354	1132504756	1402
1132504758	1132505052	294
1132505054	1132507117	2063
1132533191	1132535602	2411
1132544875	1132546667	1792
1132546670	1132549220	2550
1132549222	1132552486	3264
1132577888	1132578892	1004
1132578894	1132580679	1785
1132580681	1132584111	3430
1132614028	1132615535	1507
1132617927	1132618908	981
1132620071	1132624186	4115
1132624188	1132625454	1266
1132625456	1132628356	2900
1132628358	1132630268	1910
1132630270	1132633877	3607
1132633879	1132634200	321
1132634202	1132635811	1609
1132635813	1132637902	2089
1132646950	1132649602	2652
1132649604	1132649607	3
1132649609	1132652680	3071
1132671127	1132671186	59
1132671188	1132671334	146
1132674301	1132674346	45
1132674348	1132674952	604
1132683093	1132683757	664
1132712719	1132713474	755
1132713476	1132718640	5164
1132718642	1132720740	2098
1132720742	1132723844	3102
1132723846	1132726522	2676
1132726524	1132727681	1157
1132730819	1132731896	1077
1132731898	1132737483	5585
1132737486	1132738666	1180
1132738670	1132743517	4847
1132743519	1132743682	163
1132743684	1132747015	3331
1132747017	1132755762	8745
1132755764	1132756373	609
1132756375	1132759097	2722
1132759099	1132759465	366
1132760096	1132763784	3688
1132763786	1132764099	313
1132764101	1132765312	1211
1132765314	1132770638	5324
1132770640	1132770842	202
1132770844	1132777505	6661
1132777507	1132779065	1558
1132779067	1132780519	1452
1132780521	1132792637	12116
1132792639	1132797097	4458
1132797099	1132797489	390
1132797491	1132805495	8004
1132805497	1132809123	3626
1132809125	1132810947	1822
1132810949	1132812268	1319
1132812270	1132812275	5
1132812277	1132814100	1823
1132882261	1132884321	2060
1132884323	1132884743	420
1132884745	1132885453	708
1132885455	1132886707	1252
1132886709	1132887850	1141
1132887852	1132891778	3926
1132891780	1132892266	486
1132892268	1132897618	5350
1132897620	1132898515	895
1132898517	1132901682	3165
1132901684	1132905630	3946
1132905633	1132905689	56
1132905692	1132905694	2
1132905696	1132912453	6757
1132920113	1132920656	543
1132921196	1132925496	4300
1132925498	1132931941	6443
1132931943	1132932414	471
1132932416	1132937039	4623
1132937041	1132940479	3438
1132940481	1132951965	11484
1132951967	1132952963	996
1132952966	1132952992	26
1132952995	1132953179	184
1132953182	1132953235	53
1132953238	1132956289	3051
1132956291	1132963892	7601
1132963894	1132968148	4254
1132968150	1132973907	5757
1132973909	1132974945	1036
1132974947	1132982774	7827
1132982776	1132983287	511
1132983289	1132990244	6955
1132990246	1132997376	7130
1132997396	1132998561	1165
1132999362	1132999565	203
1132999568	1133001559	1991
1133001834	1133002104	270
1133002106	1133002590	484
1133002592	1133008156	5564
1133009482	1133010844	1362
1133010846	1133011946	1100
1133011948	1133014147	2199
1133053848	1133058134	4286
1133058136	1133059829	1693
1133059831	1133060144	313
1133060146	1133066811	6665
1133066813	1133067397	584
1133067399	1133085564	18165
1133085566	1133086349	783
1133086351	1133093667	7316
1133093669	1133093672	3
1133104594	1133106329	1735
1133106331	1133107946	1615
1133107948	1133108189	241
1133108191	1133111053	2862
1133111593	1133121833	10240
1133122786	1133124523	1737
1133124525	1133126575	2050
1133126577	1133128234	1657
1133128236	1133132498	4262
1133132500	1133134782	2282
1133134784	1133135337	553
1133135339	1133135954	615
1133135956	1133136584	628
1133136586	1133138731	2145
1133139254	1133143215	3961
1133143217	1133151289	8072
1133151291	1133163853	12562
1133163855	1133165456	1601
1133165992	1133172948	6956
1133180512	1133186618	6106
1133186620	1133189215	2595
1133192116	1133194807	2691
1133205088	1133211517	6429
1133216475	1133216759	284
1133216761	1133216977	216
1133216979	1133217742	763
1133217744	1133218759	1015
1133218762	1133219143	381
1133219145	1133219359	214
1133219361	1133219474	113
1133219476	1133221233	1757
1133221235	1133222911	1676
1133222913	1133227848	4935
1133227850	1133230042	2192
1133230044	1133233382	3338
1133244433	1133245564	1131
1133260208	1133266289	6081
1133266291	1133266355	64
1133286643	1133287274	631
1133287276	1133291269	3993
1133291271	1133299159	7888
1133299161	1133300476	1315
1133300478	1133301501	1023
1133301503	1133303124	1621
1133303126	1133304337	1211
1133326571	1133336811	10240
1133336813	1133341855	5042
1133342326	1133342807	481
1133343623	1133347639	4016
1133347642	1133347643	1
1133347645	1133347651	6
1133347653	1133347668	15
1133347670	1133349540	1870
1133370045	1133370782	737
1133371055	1133376052	4997
1133376054	1133377410	1356
1133377412	1133380617	3205
1133442869	1133446271	3402
1133446273	1133448890	2617
1133449162	1133454148	4986
1133454150	1133457951	3801
1133458164	1133468426	10262
1133585447	1133588479	3032
1133588481	1133589271	790
1133589273	1133597643	8370
1133600812	1133602858	2046
1133602862	1133603437	575
1133603439	1133604695	1256
1133604697	1133617331	12634
1133617333	1133617494	161
1133663139	1133665970	2831
1133674275	1133674482	207
1133674792	1133675902	1110
1133675906	1133691309	15403
1133691311	1133692877	1566
1133744521	1133747138	2617
1133747140	1133747564	424
1133752701	1133754942	2241
1133759726	1133764270	4544
1133764272	1133768688	4416
1133768690	1133769903	1213
1133769905	1133771116	1211
1133771371	1133773825	2454
1133775853	1133778771	2918
1133779979	1133781148	1169
1133781150	1133788358	7208
1133788360	1133789910	1550
1133789912	1133800724	10812
1133800730	1133801006	276
1133927365	1133930743	3378
1133930745	1133936784	6039
1133937320	1133944143	6823
1133944145	1133947314	3169
1133947316	1133954639	7323
1133954641	1133959471	4830
1133962350	1133963374	1024
1133963376	1133966021	2645
1133996639	1133997553	914
1133997555	1134003603	6048
1134003605	1134004776	1171
1134004778	1134005181	403
1134005183	1134007527	2344
1134007535	1134007536	1
1134007538	1134007548	10
1134007550	1134007560	10
1134007563	1134007566	3
1134007710	1134010573	2863
1134148092	1134149317	1225
1134149319	1134156863	7544
1134158208	1134158818	610
1134159988	1134162297	2309
1134162299	1134166831	4532
1134166833	1134175946	9113
1134175948	1134178122	2174
1134188991	1134195798	6807
1134197896	1134218536	20640
1134267924	1134270634	2710
1134277917	1134278456	539
1134280603	1134280958	355
1134280960	1134281330	370
1134282166	1134287539	5373
1134287541	1134290567	3026
1134290569	1134291628	1059
1134291968	1134292250	282
1134292579	1134302304	9725
1134303321	1134303823	502
1134304685	1134304956	271
1134304958	1134312757	7799
1134312759	1134315723	2964
1134315725	1134320474	4749
1134320476	1134323968	3492
1134323970	1134326593	2623
1134326595	1134329587	2992
1134329589	1134329853	264
1134329855	1134330249	394
1134333088	1134338669	5581
1134338671	1134344715	6044
1134344718	1134348433	3715
1134352064	1134352637	573
1134352697	1134355920	3223
1134358570	1134365902	7332
1134365904	1134366148	244
1134366150	1134368869	2719
1134368871	1134369980	1109
1134376893	1134377654	761
1134377656	1134386769	9113
1134386771	1134393461	6690
1134393463	1134399476	6013
1134402613	1134408291	5678
1134432422	1134437686	5264
1134437688	1134440996	3308
1134441593	1134447809	6216
1134447811	1134447814	3
1134453717	1134456038	2321
1134456040	1134458355	2315
1134459903	1134461913	2010
1134461915	1134463601	1686
1134463603	1134468835	5232
1134468837	1134471850	3013
1134471852	1134475292	3440
1134475294	1134476350	1056
1134476352	1134476473	121
1134487339	1134490026	2687
1134490029	1134491248	1219
1134491480	1134494480	3000
1134494482	1134497393	2911
1134497641	1134502781	5140
1134503847	1134506056	2209
1134518081	1134528859	10778
1134543174	1134545959	2785
1134545961	1134552404	6443
1134552407	1134557833	5426
1134557835	1134565464	7629
1134565466	1134566184	718
1134566186	1134566187	1
1134566189	1134572204	6015
1134572206	1134576749	4543
1134576751	1134577528	777
1134577530	1134579311	1781
1134579313	1134580461	1148
1134580463	1134580833	370
1134580835	1134582749	1914
1134583388	1134583512	124
1134583514	1134586485	2971
1134586912	1134588386	1474
1134588388	1134589595	1207
1134619148	1134636085	16937
1134636087	1134637008	921
1134637800	1134644027	6227
1134772038	1134773509	1471
1134773511	1134774977	1466
1134775104	1134775121	17
1134775127	1134775175	48
1134775188	1134775220	32
1134775224	1134775234	10
1134775237	1134775246	9
1134775253	1134775261	8
1134775264	1134775265	1
1134784603	1134784722	119
1134785865	1134785996	131
1134786007	1134786010	3
1134786032	1134786112	80
1134786118	1134786128	10
1134786135	1134786137	2
1134786140	1134786153	13
1134786161	1134786307	146
1134786310	1134786320	10
1134786327	1134786515	188
1134786527	1134786528	1
1134786531	1134786641	110
1134786647	1134786981	334
1134786987	1134786988	1
1134786992	1134787039	47
1134787056	1134787085	29
1134787100	1134788151	1051
1134788164	1134788254	90
1134788261	1134788262	1
1134788274	1134788279	5
1134788288	1134788297	9
1134788302	1134788325	23
1134788329	1134788385	56
1134788583	1134788884	301
1134788895	1134788919	24
1134788921	1134788930	9
1134788937	1134788940	3
1134788949	1134788951	2
1134788954	1134789183	229
1134789192	1134789705	513
1134789708	1134789724	16
1134789729	1134789731	2
1134789734	1134789736	2
1134789739	1134789767	28
1134789772	1134789849	77
1134789863	1134789865	2
1134789876	1134790450	574
1134790454	1134790491	37
1134790498	1134790548	50
1134790560	1134790570	10
1134790573	1134790574	1
1134790577	1134790578	1
1134790581	1134790585	4
1134790591	1134790596	5
1134790628	1134790630	2
1134790640	1134790641	1
1134790647	1134790649	2
1134790653	1134790659	6
1134790663	1134790665	2
1134790670	1134790680	10
1134790684	1134790693	9
1134790700	1134790716	16
1134790721	1134790739	18
1134790744	1134790754	10
1134790758	1134790764	6
1134790767	1134790772	5
1134790789	1134790795	6
1134790801	1134790802	1
1134790806	1134791055	249
1134791058	1134791095	37
1134791098	1134791118	20
1134791121	1134791138	17
1134791141	1134791158	17
1134791161	1134791176	15
1134791179	1134791195	16
1134791198	1134791218	20
1134791221	1134791257	36
1134791260	1134791289	29
1134791292	1134791306	14
1134791309	1134791321	12
1134791324	1134791329	5
1134791332	1134791337	5
1134791340	1134791344	4
1134791347	1134791350	3
1134791353	1134791354	1
1134791357	1134791360	3
1134791363	1134791367	4
1134791370	1134791374	4
1134791379	1134791415	36
1134791421	1134791432	11
1134791439	1134791464	25
1134791469	1134791471	2
1134791476	1134791514	38
1134791520	1134791521	1
1134791524	1134791543	19
1134791548	1134791564	16
1134791569	1134791573	4
1134791580	1134791586	6
1134791596	1134791608	12
1134791616	1134791639	23
1134791646	1134791666	20
1134791672	1134791692	20
1134791697	1134791718	21
1134791724	1134791741	17
1134791746	1134791759	13
1134791765	1134791789	24
1134791792	1134791807	15
1134791812	1134791821	9
1134791825	1134791828	3
1134791831	1134791848	17
1134791853	1134791862	9
1134791866	1134791875	9
1134791880	1134791899	19
1134791902	1134791904	2
1134791907	1134791926	19
1134791930	1134791936	6
1134791940	1134791941	1
1134791944	1134791960	16
1134791964	1134791971	7
1134791975	1134792001	26
1134792005	1134792006	1
1134792011	1134792016	5
1134792019	1134792038	19
1134792044	1134792063	19
1134792067	1134792071	4
1134792080	1134792084	4
1134792087	1134792088	1
1134792092	1134792096	4
1134792100	1134792105	5
1134792111	1134792112	1
1134792115	1134792117	2
1134792130	1134792131	1
1134792136	1134792137	1
1134792143	1134792163	20
1134792167	1134792179	12
1134792190	1134792192	2
1134792203	1134792228	25
1134792238	1134792249	11
1134792253	1134792255	2
1134792257	1134792260	3
1134792262	1134792264	2
1134792266	1134792268	2
1134792270	1134792280	10
1134792295	1134792523	228
1134792527	1134792528	1
1134792536	1134792668	132
1134792671	1134792686	15
1134792694	1134792869	175
1134792872	1134792942	70
1134792953	1134793108	155
1134793112	1134793471	359
1134793474	1134793579	105
1134793587	1134793613	26
1134793618	1134794197	579
1134794206	1134794235	29
1134794241	1134794276	35
1134794280	1134794405	125
1134794414	1134794417	3
1134794420	1134794423	3
1134794426	1134794427	1
1134794457	1134794459	2
1134794462	1134794467	5
1134794472	1134794475	3
1134794480	1134794483	3
1134794487	1134794490	3
1134794494	1134794505	11
1134794509	1134794522	13
1134794527	1134794537	10
1134794542	1134794547	5
1134794552	1134794558	6
1134794577	1134794581	4
1134794587	1134794588	1
1134794596	1134794601	5
1134794604	1134794607	3
1134794610	1134794611	1
1134794617	1134794624	7
1134794645	1134794649	4
1134794666	1134794667	1
1134794683	1134794688	5
1134794693	1134794697	4
1134794714	1134794716	2
1134794727	1134794785	58
1134794803	1134794903	100
1134794919	1134794920	1
1134794924	1134794988	64
1134794996	1134795223	227
1134795226	1134795233	7
1134795240	1134795246	6
1134795249	1134795288	39
1134795295	1134795338	43
1134795345	1134795402	57
1134795409	1134795479	70
1134795484	1134795507	23
1134795514	1134795569	55
1134795575	1134802184	6609
1134802187	1134803393	1206
1134803396	1134804546	1150
1134804548	1134804724	176
1134804726	1134827248	22522
1134827250	1134829236	1986
1134829239	1134829873	634
1134863216	1134863915	699
1134863918	1134863926	8
1134863929	1134863939	10
1134863942	1134863946	4
1134863952	1134863960	8
1134863966	1134863979	13
1134863985	1134863987	2
1134863990	1134863991	1
1134863994	1134864000	6
1134864003	1134864005	2
1134864008	1134864018	10
1134864026	1134864031	5
1134864043	1134864047	4
1134864056	1134864060	4
1134864065	1134864068	3
1134864071	1134864073	2
1134864091	1134864095	4
1134864102	1134864104	2
1134864118	1134864304	186
1134864308	1134864311	3
1134864332	1134864333	1
1134864338	1134864342	4
1134864345	1134864346	1
1134864349	1134864351	2
1134864354	1134864355	1
1134864368	1134866482	2114
1134866489	1134866491	2
1134866511	1134866516	5
1134866523	1134866525	2
1134866533	1134866535	2
1134866538	1134866541	3
1134866550	1134866551	1
1134866560	1134866564	4
1134866567	1134866571	4
1134866574	1134866576	2
1134866580	1134866582	2
1134866585	1134866591	6
1134866597	1134866598	1
1134866604	1134866605	1
1134866623	1134866636	13
1134866654	1134866666	12
1134866692	1134866723	31
1134866730	1134866741	11
1134866744	1134866746	2
1134866751	1134869584	2833
1134869586	1134870415	829
1134870421	1134870424	3
1134870427	1134870428	1
1134870461	1134870469	8
1134870474	1134870476	2
1134870506	1134870507	1
1134870524	1134870527	3
1134870540	1134870542	2
1134870545	1134870551	6
1134870562	1134872126	1564
1134872131	1134872139	8
1134872142	1134872146	4
1134872151	1134872152	1
1134872161	1134872165	4
1134872180	1134872196	16
1134872227	1134872228	1
1134872231	1134872232	1
1134872249	1134872251	2
1134872258	1134872273	15
1134872284	1134872327	43
1134872341	1134872343	2
1134872346	1134872349	3
1134872353	1134872356	3
1134872396	1134872397	1
1134872400	1134872475	75
1134872483	1134872717	234
1134872731	1134873955	1224
1134873957	1134874510	553
1134874513	1134874713	200
1134874716	1134874938	222
1134874940	1134875149	209
1134875152	1134875302	150
1134875305	1134875319	14
1134875322	1134875328	6
1134875332	1134875357	25
1134875360	1134875387	27
1134875390	1134875413	23
1134875416	1134875422	6
1134875428	1134875434	6
1134875437	1134875455	18
1134875458	1134875498	40
1134875501	1134875540	39
1134875543	1134875554	11
1134875557	1134875568	11
1134875571	1134875580	9
1134875583	1134875590	7
1134875593	1134875594	1
1134875597	1134875636	39
1134875639	1134875660	21
1134875663	1134875670	7
1134875673	1134875711	38
1134875714	1134875734	20
1134875737	1134875753	16
1134875756	1134875991	235
1134875994	1134876591	597
1134876594	1134876601	7
1134876604	1134876633	29
1134876636	1134876687	51
1134876690	1134876767	77
1134876770	1134876902	132
1134876906	1134876965	59
1134876968	1134877084	116
1134877087	1134877090	3
1134877094	1134878379	1285
1134904443	1134907231	2788
1134907233	1134907639	406
1134907823	1134907824	1
1134907827	1134907836	9
1134907841	1134907849	8
1134907855	1134907856	1
1134907882	1134907904	22
1134907915	1134907924	9
1134907927	1134907931	4
1134907937	1134907938	1
1134907947	1134908016	69
1134908019	1134908021	2
1134908024	1134908028	4
1134908063	1134908143	80
1134908153	1134908154	1
1134908161	1134908165	4
1134908170	1134908173	3
1134908184	1134908197	13
1134908202	1134908203	1
1134908230	1134908292	62
1134908364	1134908365	1
1134908383	1134908391	8
1134908409	1134908411	2
1134908448	1134908451	3
1134908461	1134908462	1
1134908465	1134908468	3
1134908486	1134908487	1
1134908492	1134908494	2
1134908512	1134908525	13
1134908550	1134908552	2
1134908555	1134908557	2
1134908581	1134908583	2
1134908588	1134908594	6
1134908658	1134908671	13
1134908681	1134908686	5
1134908689	1134908696	7
1134908701	1134908704	3
1134908716	1134908724	8
1134908729	1134908732	3
1134908754	1134908756	2
1134908763	1134908874	111
1134908878	1134908880	2
1134908885	1134908902	17
1134908911	1134908918	7
1134908927	1134908929	2
1134908934	1134908941	7
1134909018	1134909019	1
1134909044	1134909064	20
1134909077	1134909091	14
1134909100	1134909101	1
1134909106	1134909112	6
1134909122	1134909131	9
1134909138	1134909149	11
1134909164	1134909201	37
1134909206	1134909208	2
1134909221	1134909242	21
1134909261	1134909281	20
1134909293	1134909294	1
1134909308	1134909329	21
1134909335	1134909348	13
1134909351	1134909358	7
1134909455	1134909460	5
1134909463	1134909465	2
1134909468	1134909478	10
1134909482	1134909490	8
1134909496	1134909498	2
1134909505	1134909506	1
1134909509	1134909514	5
1134909518	1134909519	1
1134909523	1134909528	5
1134909535	1134909548	13
1134909581	1134909592	11
1134909600	1134909655	55
1134909663	1134909666	3
1134909670	1134909679	9
1134909683	1134909808	125
1134909814	1134909815	1
1134909820	1134909822	2
1134909825	1134909826	1
1134909842	1134909843	1
1134909849	1134909853	4
1134909859	1134909878	19
1134909894	1134909898	4
1134909905	1134910019	114
1134910023	1134910028	5
1134910034	1134910164	130
1134910850	1134910868	18
1134910895	1134910896	1
1134910905	1134910923	18
1134910931	1134910932	1
1134910948	1134911043	95
1134911053	1134911055	2
1134911058	1134911188	130
1134911191	1134911272	81
1134911296	1134911314	18
1134911323	1134911332	9
1134911345	1134911363	18
1134911377	1134911379	2
1134911385	1134911389	4
1134911402	1134911404	2
1134911417	1134911418	1
1134911430	1134911484	54
1134911494	1134911495	1
1134911505	1134911507	2
1134911511	1134911519	8
1134911522	1134911531	9
1134911549	1134911551	2
1134911561	1134911574	13
1134911589	1134911592	3
1134911612	1134911651	39
1134911661	1134911666	5
1134911677	1134911681	4
1134911685	1134911700	15
1134911708	1134911729	21
1134911733	1134911743	10
1134911748	1134911750	2
1134911759	1134911898	139
1134911901	1134911907	6
1134911945	1134911946	1
1134911952	1134911955	3
1134911963	1134912003	40
1134912094	1134912101	7
1134912125	1134912128	3
1134912202	1134912221	19
1134912226	1134912239	13
1134912247	1134912278	31
1134912285	1134912332	47
1134912336	1134912436	100
1134912440	1134912441	1
1134912445	1134912458	13
1134912461	1134912475	14
1134912478	1134912604	126
1134912607	1134912635	28
1134912641	1134915462	2821
1134915465	1134915763	298
1134915766	1134915917	151
1134915920	1134915988	68
1134915991	1134916380	389
1134916383	1134916729	346
1134916732	1134916776	44
1134916779	1134916782	3
1134916791	1134918252	1461
1134918255	1134918282	27
1134918285	1134918308	23
1134918311	1134918427	116
1134918442	1134918445	3
1134918448	1134918459	11
1134918467	1134918481	14
1134918741	1134918808	67
1134918811	1134918812	1
1134918815	1134918816	1
1134918819	1134918829	10
1134918835	1134918841	6
1134918845	1134918862	17
1134918865	1134918871	6
1134918876	1134918884	8
1134918896	1134918930	34
1134918935	1134918936	1
1134918941	1134918977	36
1134918995	1134918997	2
1134919008	1134919030	22
1134919034	1134919072	38
1134919076	1134919093	17
1134919096	1134919135	39
1134919138	1134919143	5
1134919149	1134919150	1
1134919355	1134919368	13
1134919372	1134919384	12
1134919392	1134919403	11
1134919409	1134919421	12
1134919424	1134919441	17
1134919452	1134919463	11
1134919470	1134919472	2
1134919475	1134919479	4
1134919484	1134919486	2
1134919489	1134919491	2
1134919495	1134919513	18
1134919522	1134919617	95
1134919620	1134919628	8
1134919633	1134919654	21
1134919657	1134919662	5
1134919665	1134919667	2
1134919675	1134919749	74
1134919752	1134919771	19
1134919774	1134919779	5
1134919782	1134920658	876
1134920661	1134920690	29
1134920694	1134920726	32
1134920730	1134920750	20
1134920753	1134920763	10
1134920766	1134920768	2
1134920774	1134920778	4
1134920781	1134920784	3
1134920788	1134920814	26
1134920817	1134920828	11
1134920834	1134922606	1772
1134922611	1134922620	9
1134922623	1134922730	107
1134922733	1134922735	2
1134922738	1134922764	26
1134922769	1134922980	211
1134922986	1134922992	6
1134922998	1134923065	67
1134923074	1134923082	8
1134923087	1134923098	11
1134923101	1134923225	124
1134923229	1134923342	113
1134923344	1134926756	3412
1134926761	1134926806	45
1134926809	1134927405	596
1134927413	1134927415	2
1134927421	1134927436	15
1134927439	1134927441	2
1134927444	1134927445	1
1134927453	1134927465	12
1134927568	1134927569	1
1134927577	1134927578	1
1134927656	1134927659	3
1134927990	1134927993	3
1134927997	1134928034	37
1134928162	1134928384	222
1135023264	1135024277	1013
1135033244	1135033514	270
1135033736	1135033738	2
1135033741	1135033743	2
1135033746	1135033752	6
1135033755	1135033757	2
1135033760	1135033765	5
1135033768	1135033769	1
1135033772	1135033776	4
1135033779	1135033781	2
1135033794	1135033798	4
1135033801	1135033929	128
1135033932	1135034459	527
1135034467	1135034472	5
1135034475	1135034482	7
1135034485	1135037857	3372
1135037860	1135039212	1352
1135039215	1135039388	173
1135039391	1135039518	127
1135039521	1135039651	130
1135039654	1135039975	321
1135039978	1135040259	281
1135040262	1135040401	139
1135040404	1135040612	208
1135040615	1135040786	171
1135043972	1135043976	4
1135043979	1135043990	11
1135043993	1135044018	25
1135044021	1135044038	17
1135044041	1135044053	12
1135044056	1135044062	6
1135044065	1135044082	17
1135044085	1135044105	20
1135044108	1135044120	12
1135044123	1135044132	9
1135044135	1135044161	26
1135044164	1135044169	5
1135044172	1135044175	3
1135044178	1135044181	3
1135044186	1135044195	9
1135044198	1135044207	9
1135044210	1135044216	6
1135044219	1135044228	9
1135044231	1135044245	14
1135044249	1135044252	3
1135044256	1135044281	25
1135044284	1135044292	8
1135044295	1135044302	7
1135044305	1135044313	8
1135044316	1135044322	6
1135044328	1135044332	4
1135044335	1135044345	10
1135044348	1135044354	6
1135044357	1135044364	7
1135044367	1135044378	11
1135044381	1135044386	5
1135044389	1135044393	4
1135044397	1135044427	30
1135044430	1135044438	8
1135044441	1135044474	33
1135044477	1135044503	26
1135044506	1135044547	41
1135044550	1135044551	1
1135044555	1135044633	78
1135044636	1135044646	10
1135044649	1135044663	14
1135044666	1135044668	2
1135044671	1135044692	21
1135044695	1135044705	10
1135044708	1135044730	22
1135044733	1135044751	18
1135044754	1135044771	17
1135044774	1135044785	11
1135044788	1135044812	24
1135044815	1135044840	25
1135044843	1135044939	96
1135044941	1135044941	0
1135044944	1135044993	49
1135044996	1135045143	147
1135045146	1135045258	112
1135045261	1135045348	87
1135045351	1135045423	72
1135045426	1135045496	70
1135045499	1135045567	68
1135045570	1135045667	97
1135045670	1135045684	14
1135045687	1135045753	66
1135045756	1135045850	94
1135045854	1135045951	97
1135045954	1135046043	89
1135046046	1135046077	31
1135046080	1135046115	35
1135046118	1135046176	58
1135046179	1135046230	51
1135046233	1135046248	15
1135046251	1135046275	24
1135046278	1135046308	30
1135046311	1135046342	31
1135046347	1135046442	95
1135046446	1135046531	85
1135046534	1135046615	81
1135046618	1135046706	88
1135046709	1135046794	85
1135046797	1135046850	53
1135046853	1135046879	26
1135046883	1135046937	54
1135046940	1135047008	68
1135047011	1135047014	3
1135047017	1135047110	93
1135047113	1135047115	2
1135047118	1135047185	67
1135047194	1135047258	64
1135047262	1135047357	95
1135047360	1135047402	42
1135047405	1135047427	22
1135047430	1135047469	39
1135047472	1135047510	38
1135047514	1135047604	90
1135047607	1135047651	44
1135047654	1135047680	26
1135047683	1135047761	78
1135047764	1135047869	105
1135047872	1135047963	91
1135047967	1135048030	63
1135048033	1135048120	87
1135048125	1135048253	128
1135048257	1135048319	62
1135136228	1135145506	9278
1135145508	1135148671	3163
1135148673	1135148969	296
1135148971	1135150263	1292
1135150265	1135151418	1153
1135151859	1135161703	9844
1135172727	1135173083	356
1135173442	1135176317	2875
1135176319	1135176349	30
1135176351	1135177207	856
1135177209	1135177383	174
1135177385	1135187458	10073
1135192760	1135193716	956
1135193965	1135195358	1393
1135198866	1135200145	1279
1135200407	1135205052	4645
1135205597	1135209151	3554
1135209153	1135209411	258
1135209413	1135230568	21155
1135230570	1135234147	3577
1135238726	1135257602	18876
1135257604	1135258821	1217
1135258823	1135261392	2569
1135261394	1135267002	5608
1135267004	1135268643	1639
1135268645	1135271486	2841
1135446151	1135446248	97
1135466575	1135466883	308
1135467084	1135477768	10684
1135477770	1135479680	1910
1135479682	1135482172	2490
1135482174	1135484011	1837
1135484013	1135496453	12440
1135516970	1135518960	1990
1135519921	1135522609	2688
1135522611	1135524071	1460
1135524073	1135537920	13847
1135537922	1135538052	130
1135538054	1135540062	2008
1135540064	1135541335	1271
1135541337	1135545412	4075
1135545414	1135545646	232
1135545649	1135545798	149
1135545994	1135552142	6148
1135552144	1135559189	7045
1135560089	1135561113	1024
1135575589	1135580063	4474
1135580065	1135584255	4190
1135584257	1135584879	622
1135584881	1135586799	1918
1135591973	1135594918	2945
1135617234	1135618454	1220
1135624693	1135631577	6884
1135631580	1135631715	135
1135631717	1135632615	898
1135632617	1135641529	8912
1135641531	1135643710	2179
1135643712	1135647395	3683
1135647397	1135651270	3873
1135664857	1135665508	651
1135677262	1135677998	736
1135678000	1135683892	5892
1135689707	1135692684	2977
1135692686	1135698379	5693
1135698381	1135698457	76
1135709692	1135711412	1720
1135711414	1135716597	5183
1135716599	1135717340	741
1135737171	1135739089	1918
1135740447	1135750473	10026
1135750475	1135752976	2501
1135753512	1135755777	2265
1135776762	1135778589	1827
1135778591	1135778679	88
1135778681	1135778686	5
1135778688	1135778695	7
1135778697	1135778720	23
1135778845	1135779164	319
1135779166	1135780103	937
1135780106	1135780890	784
1135780894	1135781919	1025
1135781921	1135783298	1377
1135783300	1135784537	1237
1135784539	1135785772	1233
1135785774	1135788493	2719
1135788794	1135788801	7
1135788803	1135790029	1226
1135790031	1135790580	549
1135790582	1135792533	1951
1135792535	1135792974	439
1135792976	1135796598	3622
1135796600	1135797940	1340
1135799879	1135801118	1239
1135801120	1135803085	1965
1135803089	1135805675	2586
1135818292	1135822800	4508
1135823087	1135823551	464
1135823553	1135824334	781
1135824336	1135834295	9959
1135834297	1135839143	4846
1135839145	1135840569	1424
1135840571	1135843192	2621
1135843194	1135843638	444
1135843640	1135843684	44
1135853150	1135853348	198
1135853350	1135853893	543
1135853895	1135855064	1169
1135855066	1135859351	4285
1135859353	1135859692	339
1135859694	1135860417	723
1135860420	1135861485	1065
1135861488	1135862844	1356
1135862846	1135864869	2023
1135864871	1135867664	2793
1135867666	1135867947	281
1135867949	1135868187	238
1135868190	1135868810	620
1135868812	1135870474	1662
1135870476	1135870763	287
1135870765	1135874189	3424
1135874191	1135875230	1039
1135875232	1135876432	1200
1135876434	1135876763	329
1135876765	1135876903	138
1135876905	1135877857	952
1135877859	1135879736	1877
1135882196	1135882603	407
1135882605	1135882833	228
1135882835	1135883146	311
1135883148	1135883239	91
1135883241	1135884427	1186
1135884429	1135888065	3636
1135888067	1135888416	349
1135888418	1135890198	1780
1135890200	1135891952	1752
1135892959	1135893866	907
1135893872	1135894412	540
1135894414	1135895078	664
1135895080	1135896562	1482
1135896564	1135898690	2126
1135913524	1135914661	1137
1135914663	1135917488	2825
1135917490	1135919991	2501
1135919993	1135924188	4195
1135925097	1135925298	201
1135926070	1135926879	809
1135926881	1135928032	1151
1135928034	1135928801	767
1135928803	1135932476	3673
1135933315	1135934070	755
1135934072	1135940297	6225
1135940299	1135940911	612
1135942099	1135943016	917
1135948563	1135954941	6378
1135954945	1135955959	1014
1135955961	1135956705	744
1135956707	1135957052	345
1135957054	1135957338	284
1135968898	1135975372	6474
1135975374	1135975830	456
1135980656	1135987082	6426
1135987084	1135990793	3709
1135990795	1135991814	1019
1136010436	1136011604	1168
1136011836	1136012324	488
1136012327	1136015277	2950
1136106654	1136109245	2591
1136117801	1136121623	3822
1136121920	1136122685	765
1136206178	1136208197	2019
1136208384	1136208859	475
1136208862	1136213974	5112
1136213976	1136214986	1010
1136214988	1136215371	383
1136215373	1136217629	2256
1136262730	1136267178	4448
1136267180	1136267888	708
1136268118	1136275380	7262
1136275382	1136276442	1060
1136276444	1136279902	3458
1136279904	1136283418	3514
1136283420	1136284048	628
1136284585	1136291598	7013
1136293117	1136295890	2773
1136353446	1136358160	4714
1136358162	1136368534	10372
1136368537	1136368580	43
1136368583	1136368588	5
1136368591	1136368601	10
1136369283	1136369304	21
1136369307	1136370334	1027
1136370337	1136370515	178
1136370518	1136372467	1949
1136374361	1136374376	15
1136374379	1136374584	205
1136374587	1136374738	151
1136374741	1136375234	493
1136375237	1136375906	669
1136375909	1136376034	125
1136376037	1136376123	86
1136376659	1136376798	139
1136376801	1136378134	1333
1136378137	1136378815	678
1136378935	1136378940	5
1136379681	1136379829	148
1136379832	1136379947	115
1136379950	1136380007	57
1136380010	1136380027	17
1136380030	1136380046	16
1136380049	1136380107	58
1136380110	1136380132	22
1136380135	1136380228	93
1136380231	1136380262	31
1136380265	1136380275	10
1136380278	1136380296	18
1136380299	1136380333	34
1136380336	1136380346	10
1136380349	1136380374	25
1136380377	1136380386	9
1136380389	1136380475	86
1136380478	1136380598	120
1136380601	1136380608	7
1136380611	1136380669	58
1136380672	1136380742	70
1136380745	1136380778	33
1136380781	1136380818	37
1136380821	1136380826	5
1136380828	1136380883	55
1136380886	1136380910	24
1136380913	1136380952	39
1136380955	1136381053	98
1136381056	1136381061	5
1136381064	1136381096	32
1136381098	1136381130	32
1136381133	1136381197	64
1136381200	1136381274	74
1136381277	1136381303	26
1136381306	1136381330	24
1136381333	1136381350	17
1136381353	1136381399	46
1136381402	1136381427	25
1136381430	1136381539	109
1136381542	1136381621	79
1136381624	1136381703	79
1136381706	1136381755	49
1136381758	1136381903	145
1136381906	1136381975	69
1136381978	1136382128	150
1136382131	1136382188	57
1136382191	1136382237	46
1136382240	1136382298	58
1136382301	1136382406	105
1136382409	1136382487	78
1136382490	1136382514	24
1136382517	1136382544	27
1136382547	1136382611	64
1136382614	1136382625	11
1136382628	1136382681	53
1136382684	1136382779	95
1136382782	1136382799	17
1136382802	1136382949	147
1136382952	1136383028	76
1136383031	1136383056	25
1136383059	1136383088	29
1136383091	1136383114	23
1136383117	1136383123	6
1136383126	1136383134	8
1136383137	1136383168	31
1136383171	1136383195	24
1136383198	1136383222	24
1136383225	1136383263	38
1136383266	1136383270	4
1136383273	1136383285	12
1136383288	1136383322	34
1136383325	1136383388	63
1136383391	1136383404	13
1136383407	1136383432	25
1136383435	1136383468	33
1136383471	1136383503	32
1136383506	1136383520	14
1136383523	1136383586	63
1136383589	1136383629	40
1136383632	1136383643	11
1136383646	1136383675	29
1136383678	1136383701	23
1136383704	1136383753	49
1136383756	1136383827	71
1136383830	1136383862	32
1136383865	1136383902	37
1136383905	1136383941	36
1136383944	1136383988	44
1136383991	1136384032	41
1136384035	1136384045	10
1136384048	1136384075	27
1136384078	1136384086	8
1136384089	1136384108	19
1136384111	1136384122	11
1136384125	1136384138	13
1136384141	1136384184	43
1136384190	1136384201	11
1136384204	1136384222	18
1136384225	1136384250	25
1136384253	1136384254	1
1136384257	1136384272	15
1136384275	1136384278	3
1136384281	1136384286	5
1136384289	1136384297	8
1136384300	1136384317	17
1136384320	1136384324	4
1136384327	1136384349	22
1136384352	1136384369	17
1136384372	1136384380	8
1136384383	1136384389	6
1136384392	1136384402	10
1136384405	1136384415	10
1136384418	1136384430	12
1136384433	1136384450	17
1136384453	1136384475	22
1136384478	1136384486	8
1136384489	1136384517	28
1136384520	1136384522	2
1136384525	1136384527	2
1136384530	1136384558	28
1136384561	1136384590	29
1136384593	1136384620	27
1136384623	1136384648	25
1136384651	1136384660	9
1136384663	1136384698	35
1136384701	1136384746	45
1136384749	1136384814	65
1136384817	1136384884	67
1136384887	1136384911	24
1136384914	1136384931	17
1136384934	1136384964	30
1136384967	1136384998	31
1136385001	1136385052	51
1136385055	1136385107	52
1136385110	1136385151	41
1136385154	1136385200	46
1136385203	1136385234	31
1136385237	1136385280	43
1136385283	1136385296	13
1136385299	1136385323	24
1136385326	1136385364	38
1136385367	1136385449	82
1136385452	1136385460	8
1136385463	1136385508	45
1136385511	1136385560	49
1136385563	1136385578	15
1136385581	1136385615	34
1136385618	1136385635	17
1136385638	1136385656	18
1136385659	1136385688	29
1136385691	1136385701	10
1136385706	1136385713	7
1136385716	1136385724	8
1136385727	1136385746	19
1136385749	1136385831	82
1136385834	1136385843	9
1136385846	1136385921	75
1136385924	1136386126	202
1136386129	1136386140	11
1136386143	1136386193	50
1136386196	1136386258	62
1136386261	1136386300	39
1136386303	1136386373	70
1136386376	1136386465	89
1136386468	1136386567	99
1136386570	1136386612	42
1136386615	1136386665	50
1136386668	1136386738	70
1136386741	1136386815	74
1136386818	1136386833	15
1136386836	1136386878	42
1136386881	1136386912	31
1136386915	1136387069	154
1136387072	1136387127	55
1136387130	1136387138	8
1136387141	1136387213	72
1136387216	1136387254	38
1136387257	1136387278	21
1136387281	1136387301	20
1136387304	1136387349	45
1136387352	1136387380	28
1136387383	1136387424	41
1136387427	1136387503	76
1136387506	1136387541	35
1136387544	1136387562	18
1136387565	1136387587	22
1136387590	1136387636	46
1136387639	1136387677	38
1136387680	1136387692	12
1136387695	1136387732	37
1136387735	1136387742	7
1136387745	1136387794	49
1136387797	1136387838	41
1136387841	1136387849	8
1136387852	1136387875	23
1136387878	1136387921	43
1136387924	1136387996	72
1136387999	1136388051	52
1136388054	1136388142	88
1136388145	1136388169	24
1136388172	1136388219	47
1136388222	1136388253	31
1136388256	1136388259	3
1136388988	1136389013	25
1136389016	1136389083	67
1136389086	1136389124	38
1136389127	1136389233	106
1136389236	1136389275	39
1136389278	1136389377	99
1136389380	1136389477	97
1136389480	1136389538	58
1136389541	1136389590	49
1136389593	1136389606	13
1136389609	1136389628	19
1136389631	1136389710	79
1136389713	1136389726	13
1136389729	1136389859	130
1136389862	1136389874	12
1136389877	1136389890	13
1136389893	1136389964	71
1136389967	1136389982	15
1136389985	1136389993	8
1136389996	1136390056	60
1136390059	1136390122	63
1136390125	1136390156	31
1136390159	1136390238	79
1136390241	1136390364	123
1136390367	1136390441	74
1136390444	1136390519	75
1136390522	1136390545	23
1136390548	1136390565	17
1136390568	1136390669	101
1136390672	1136390761	89
1136390764	1136390818	54
1136390821	1136390845	24
1136390848	1136390851	3
1136390857	1136390859	2
1136390862	1136390869	7
1136390872	1136390896	24
1136390899	1136390918	19
1136390921	1136390923	2
1136391070	1136391072	2
1136391146	1136391147	1
1136391161	1136391163	2
1136391183	1136391184	1
1136391205	1136391210	5
1136391238	1136391240	2
1136391272	1136391276	4
1136391283	1136391284	1
1136391288	1136391289	1
1136391319	1136391320	1
1136391329	1136391330	1
1136391364	1136391365	1
1136391368	1136391369	1
1136391379	1136391380	1
1136391392	1136391400	8
1136391436	1136391446	10
1136391472	1136391475	3
1136391480	1136391481	1
1136391484	1136391492	8
1136391498	1136391520	22
1136391527	1136391531	4
1136391536	1136391539	3
1136391550	1136391552	2
1136391578	1136391582	4
1136391594	1136391601	7
1136391604	1136391606	2
1136391609	1136391619	10
1136391628	1136392277	649
1136392280	1136392450	170
1136392453	1136392527	74
1136392530	1136392568	38
1136392571	1136392596	25
1136392599	1136392632	33
1136392635	1136392661	26
1136392664	1136392686	22
1136392690	1136392750	60
1136392754	1136392812	58
1136392817	1136392871	54
1136392875	1136392907	32
1136392910	1136392922	12
1136392927	1136392959	32
1136392963	1136392995	32
1136392999	1136393017	18
1136393020	1136393038	18
1136393042	1136393087	45
1136393091	1136393146	55
1136393150	1136393189	39
1136393192	1136393195	3
1136393208	1136393210	2
1136393213	1136393217	4
1136393224	1136393230	6
1136393234	1136393236	2
1136393294	1136393295	1
1136393547	1136393548	1
1136393551	1136393552	1
1136393577	1136393578	1
1136393581	1136393582	1
1136393585	1136393586	1
1136393589	1136393590	1
1136393607	1136393614	7
1136393617	1136393618	1
1136393622	1136393632	10
1136393636	1136393646	10
1136393654	1136393662	8
1136393666	1136393670	4
1136393674	1136393680	6
1136393683	1136393688	5
1136393694	1136393697	3
1136393704	1136393707	3
1136393711	1136393713	2
1136393717	1136393719	2
1136393723	1136393726	3
1136393730	1136393735	5
1136393739	1136393744	5
1136393750	1136393751	1
1136393756	1136393760	4
1136393764	1136393768	4
1136393772	1136393773	1
1136393780	1136393782	2
1136393805	1136393806	1
1136393874	1136393875	1
1136393882	1136393884	2
1136393890	1136393891	1
1136393895	1136393897	2
1136393901	1136393902	1
1136393910	1136393912	2
1136393924	1136393926	2
1136393930	1136393931	1
1136393937	1136393938	1
1136393944	1136393945	1
1136393959	1136393960	1
1136393972	1136393973	1
1136393979	1136393980	1
1136393988	1136393990	2
1136393995	1136393997	2
1136394002	1136394003	1
1136394016	1136394017	1
1136394028	1136394029	1
1136394036	1136394039	3
1136394059	1136394062	3
1136394065	1136394066	1
1136394071	1136394073	2
1136394079	1136394080	1
1136394092	1136394094	2
1136394099	1136394101	2
1136394106	1136394108	2
1136394111	1136394112	1
1136394130	1136394132	2
1136394135	1136394138	3
1136394148	1136394150	2
1136394153	1136394154	1
1136394157	1136394158	1
1136394161	1136394163	2
1136394166	1136394167	1
1136394171	1136394173	2
1136394177	1136394178	1
1136394183	1136394185	2
1136394189	1136394190	1
1136394195	1136394197	2
1136394200	1136394201	1
1136394249	1136394250	1
1136394403	1136394404	1
1136394560	1136394561	1
1136394569	1136394570	1
1136394576	1136394577	1
1136394580	1136394581	1
1136394584	1136394585	1
1136394595	1136394596	1
1136394607	1136394608	1
1136394611	1136394619	8
1136394623	1136394627	4
1136394637	1136394642	5
1136394645	1136394646	1
1136394657	1136394658	1
1136394681	1136394682	1
1136394771	1136394772	1
1136394780	1136394781	1
1136394872	1136394874	2
1136394887	1136394888	1
1136394895	1136394896	1
1136394919	1136394920	1
1136394927	1136394929	2
1136395100	1136395103	3
1136395106	1136395108	2
1136395137	1136395138	1
1136395142	1136395143	1
1136395280	1136395283	3
1136395304	1136395305	1
1136395310	1136395311	1
1136395315	1136395316	1
1136395322	1136395324	2
1136395333	1136395334	1
1136395344	1136395345	1
1136395396	1136395398	2
1136395419	1136395420	1
1136395433	1136395434	1
1136395446	1136395447	1
1136395450	1136395453	3
1136395473	1136395474	1
1136395478	1136395480	2
1136395484	1136395486	2
1136395489	1136395490	1
1136395493	1136395495	2
1136395499	1136395500	1
1136395526	1136395528	2
1136395531	1136395535	4
1136395610	1136395611	1
1136395623	1136395624	1
1136395636	1136395637	1
1136395647	1136395651	4
1136395655	1136395658	3
1136395661	1136395664	3
1136395966	1136395968	2
1136396086	1136396087	1
1136396124	1136396125	1
1136396484	1136396506	22
1136396686	1136396687	1
1136396782	1136396786	4
1136396790	1136396791	1
1136396808	1136396810	2
1136396853	1136396854	1
1136396885	1136396886	1
1136397923	1136397924	1
1136398134	1136398136	2
1136398163	1136398164	1
1136398215	1136398216	1
1136398377	1136398380	3
1136398393	1136398430	37
1136398433	1136398435	2
1136398438	1136398439	1
1136398442	1136398448	6
1136398451	1136398546	95
1136398551	1136398629	78
1136398660	1136398662	2
1136398666	1136398667	1
1136398671	1136398674	3
1136398678	1136398681	3
1136398686	1136398687	1
1136398696	1136398697	1
1136398710	1136398714	4
1136398722	1136398725	3
1136400655	1136400656	1
1136401123	1136401125	2
1136401129	1136401137	8
1136401140	1136401150	10
1136401238	1136401262	24
1136401272	1136401280	8
1136401283	1136401287	4
1136401290	1136401310	20
1136401313	1136401370	57
1136401375	1136401377	2
1136401381	1136401429	48
1136401433	1136401440	7
1136401443	1136401475	32
1136401478	1136401514	36
1136401517	1136401530	13
1136401533	1136401537	4
1136401540	1136401555	15
1136401558	1136401604	46
1136401607	1136401645	38
1136401648	1136401719	71
1136401723	1136401823	100
1136401829	1136401857	28
1136401861	1136401862	1
1136401865	1136401873	8
1136401890	1136401891	1
1136401894	1136401895	1
1136401909	1136401910	1
1136401916	1136401917	1
1136401929	1136401930	1
1136401939	1136401940	1
1136402076	1136402085	9
1136402089	1136402090	1
1136402093	1136402102	9
1136402105	1136402106	1
1136402109	1136402120	11
1136402123	1136402138	15
1136402142	1136402146	4
1136402149	1136402152	3
1136402155	1136402159	4
1136402173	1136402198	25
1136402201	1136402202	1
1136402209	1136402210	1
1136402277	1136402278	1
1136402313	1136402314	1
1136402319	1136402324	5
1136402329	1136402331	2
1136402334	1136403536	1202
1136403542	1136403546	4
1136403549	1136403551	2
1136403554	1136403555	1
1136403558	1136403560	2
1136403563	1136403567	4
1136403570	1136403574	4
1136403577	1136403579	2
1136403582	1136403584	2
1136403587	1136403590	3
1136403593	1136403594	1
1136403600	1136403601	1
1136403610	1136403611	1
1136403614	1136403615	1
1136403621	1136403622	1
1136403631	1136403645	14
1136403648	1136403649	1
1136403652	1136403653	1
1136403656	1136403657	1
1136403660	1136403664	4
1136403667	1136403668	1
1136403671	1136403673	2
1136403676	1136403678	2
1136403681	1136403682	1
1136403685	1136403689	4
1136403692	1136403694	2
1136403699	1136403700	1
1136403757	1136403758	1
1136403761	1136403762	1
1136403773	1136403774	1
1136403780	1136403782	2
1136403785	1136403786	1
1136403789	1136403791	2
1136403817	1136403819	2
1136403825	1136403827	2
1136403830	1136403831	1
1136403834	1136403837	3
1136403846	1136403848	2
1136403851	1136403852	1
1136403858	1136403859	1
1136403862	1136403863	1
1136403869	1136403870	1
1136403876	1136403877	1
1136403880	1136403882	2
1136403885	1136403887	2
1136403890	1136403894	4
1136403899	1136403900	1
1136403903	1136403905	2
1136403908	1136403911	3
1136403914	1136403915	1
1136403921	1136403922	1
1136403925	1136403926	1
1136403929	1136403930	1
1136403936	1136403937	1
1136403940	1136403941	1
1136403944	1136403946	2
1136403949	1136403954	5
1136403957	1136403958	1
1136403961	1136403962	1
1136403965	1136403968	3
1136403971	1136403972	1
1136403975	1136403980	5
1136403983	1136403986	3
1136403989	1136403990	1
1136403993	1136403995	2
1136403998	1136404001	3
1136404004	1136404005	1
1136404008	1136404010	2
1136404013	1136404016	3
1136404019	1136404022	3
1136404025	1136404028	3
1136404031	1136404033	2
1136404036	1136404039	3
1136404042	1136404045	3
1136404048	1136404051	3
1136404054	1136404057	3
1136404060	1136404062	2
1136404068	1136404076	8
1136404079	1136404083	4
1136404086	1136404087	1
1136404092	1136404094	2
1136404100	1136404102	2
1136404105	1136404106	1
1136404109	1136404112	3
1136404127	1136404128	1
1136404131	1136404133	2
1136404136	1136404140	4
1136404143	1136404148	5
1136404155	1136404164	9
1136404167	1136404173	6
1136404176	1136404178	2
1136404181	1136404182	1
1136404196	1136404203	7
1136404222	1136404225	3
1136404259	1136404261	2
1136404320	1136404321	1
1136404324	1136404325	1
1136404497	1136404499	2
1136404504	1136404546	42
1136404552	1136404575	23
1136404579	1136404620	41
1136404628	1136404641	13
1136404649	1136404665	16
1136404668	1136404729	61
1136404755	1136404760	5
1136404765	1136404770	5
1136404773	1136404777	4
1136404781	1136404782	1
1136404785	1136404787	2
1136404790	1136404792	2
1136404797	1136404801	4
1136404828	1136404832	4
1136404837	1136404839	2
1136404935	1136404962	27
1136404975	1136405007	32
1136405034	1136405054	20
1136405508	1136405509	1
1136405633	1136405638	5
1136405920	1136405921	1
1136405975	1136405977	2
1136407305	1136407307	2
1136407325	1136407329	4
1136407336	1136407343	7
1136407351	1136407386	35
1136407389	1136407405	16
1136407408	1136407425	17
1136407428	1136407440	12
1136407443	1136407457	14
1136407460	1136407470	10
1136407473	1136407476	3
1136407479	1136407482	3
1136407485	1136407493	8
1136407499	1136407507	8
1136407510	1136407516	6
1136407520	1136407523	3
1136407526	1136407532	6
1136407535	1136407537	2
1136407541	1136407543	2
1136407548	1136407552	4
1136407557	1136407565	8
1136407575	1136407577	2
1136407582	1136407586	4
1136407590	1136407602	12
1136407606	1136407610	4
1136407613	1136407643	30
1136407652	1136407691	39
1136407694	1136407709	15
1136407712	1136407743	31
1136407749	1136407756	7
1136407760	1136407761	1
1136407769	1136407770	1
1136407779	1136407782	3
1136407785	1136407798	13
1136407806	1136407815	9
1136407818	1136407820	2
1136407823	1136407854	31
1136407872	1136407878	6
1136407892	1136407910	18
1136407913	1136407914	1
1136407938	1136407939	1
1136407942	1136407944	2
1136407947	1136407949	2
1136407953	1136407956	3
1136407960	1136407962	2
1136407965	1136407967	2
1136408019	1136408021	2
1136408051	1136408053	2
1136408120	1136408129	9
1136408133	1136408141	8
1136408146	1136408165	19
1136408169	1136408182	13
1136408186	1136408201	15
1136408204	1136408224	20
1136408229	1136408252	23
1136408255	1136408268	13
1136408273	1136408277	4
1136408280	1136408289	9
1136408292	1136408294	2
1136408297	1136408299	2
1136408302	1136408304	2
1136408307	1136408311	4
1136408314	1136408315	1
1136408320	1136408322	2
1136408325	1136408335	10
1136408338	1136408340	2
1136408412	1136408416	4
1136408419	1136408434	15
1136408440	1136408449	9
1136408453	1136408460	7
1136408463	1136408464	1
1136408476	1136408493	17
1136408497	1136408508	11
1136408513	1136408532	19
1136408535	1136408540	5
1136408543	1136408546	3
1136426311	1136426312	1
1136426317	1136426318	1
1136426351	1136426352	1
1136426358	1136426360	2
1136426363	1136426364	1
1136426367	1136426369	2
1136426396	1136426397	1
1136426478	1136426480	2
1136426487	1136426488	1
1136426494	1136426498	4
1136426501	1136426503	2
1136426538	1136426539	1
1136426559	1136426561	2
1136426568	1136426570	2
1136426576	1136426582	6
1136426585	1136426586	1
1136426591	1136426600	9
1136426605	1136426615	10
1136426620	1136426622	2
1136426634	1136426638	4
1136426646	1136426647	1
1136426671	1136426673	2
1136426680	1136426684	4
1136426699	1136426700	1
1136426708	1136426719	11
1136426724	1136426748	24
1136426754	1136426755	1
1136426759	1136426760	1
1136426763	1136426767	4
1136426771	1136426773	2
1136426776	1136426777	1
1136426781	1136426786	5
1136426795	1136426796	1
1136426802	1136426804	2
1136426822	1136426823	1
1136426826	1136426827	1
1136426838	1136426839	1
1136426842	1136426845	3
1136426848	1136426854	6
1136426857	1136426863	6
1136426866	1136426871	5
1136426875	1136426876	1
1136426881	1136426886	5
1136426910	1136426918	8
1136426922	1136426925	3
1136426928	1136426940	12
1136426946	1136426947	1
1136426953	1136426955	2
1136426959	1136426968	9
1136426971	1136426975	4
1136426982	1136426988	6
1136426993	1136426994	1
1136427001	1136427005	4
1136427015	1136427019	4
1136427053	1136427057	4
1136427078	1136427081	3
1136427088	1136427089	1
1136427093	1136427094	1
1136427097	1136427102	5
1136427121	1136427122	1
1136427135	1136427138	3
1136427146	1136427147	1
1136427151	1136427153	2
1136427157	1136427159	2
1136427168	1136427172	4
1136427184	1136427185	1
1136427196	1136427197	1
1136427205	1136427209	4
1136427217	1136427219	2
1136427239	1136427240	1
1136427257	1136427258	1
1136427278	1136427279	1
1136427323	1136427324	1
1136427327	1136427330	3
1136427335	1136427336	1
1136427339	1136427342	3
1136427351	1136427352	1
1136427355	1136427363	8
1136427378	1136427380	2
1136427383	1136427388	5
1136427391	1136427396	5
1136427399	1136427400	1
1136427408	1136427413	5
1136427418	1136427419	1
1136427429	1136427434	5
1136427445	1136427446	1
1136427449	1136427452	3
1136427461	1136427462	1
1136427572	1136427574	2
1136427603	1136427606	3
1136427726	1136427727	1
1136427731	1136427732	1
1136427739	1136427740	1
1136427745	1136427746	1
1136427793	1136427797	4
1136427862	1136427864	2
1136427893	1136427894	1
1136427972	1136427974	2
1136427979	1136427980	1
1136427999	1136428000	1
1136428051	1136428052	1
1136428058	1136428063	5
1136428068	1136428069	1
1136428151	1136428153	2
1136428159	1136428161	2
1136428168	1136428169	1
1136428202	1136428203	1
1136428226	1136428228	2
1136428250	1136428251	1
1136428267	1136428268	1
1136428280	1136428289	9
1136450097	1136456587	6490
1136456590	1136456594	4
1136456597	1136456603	6
1136456606	1136456611	5
1136456614	1136456618	4
1136456621	1136456626	5
1136456629	1136456633	4
1136456636	1136456640	4
1136456643	1136456649	6
1136456652	1136456659	7
1136456662	1136456670	8
1136456673	1136456683	10
1136456686	1136456696	10
1136456699	1136456708	9
1136456711	1136456725	14
1136456728	1136456739	11
1136456742	1136456752	10
1136456755	1136456769	14
1136456772	1136456783	11
1136456786	1136456799	13
1136456802	1136456833	31
1136456836	1136456855	19
1136456859	1136456878	19
1136456881	1136456902	21
1136456905	1136456913	8
1136456916	1136456940	24
1136456943	1136456954	11
1136456957	1136456981	24
1136456984	1136457004	20
1136457007	1136457029	22
1136457032	1136457035	3
1136457038	1136457040	2
1136457043	1136457049	6
1136457053	1136457067	14
1136457070	1136457086	16
1136457089	1136457100	11
1136457103	1136457117	14
1136457120	1136457146	26
1136457149	1136457178	29
1136457181	1136457186	5
1136457189	1136457193	4
1136457196	1136457211	15
1136457214	1136457218	4
1136457221	1136457226	5
1136457229	1136457248	19
1136457251	1136457254	3
1136457257	1136457258	1
1136457261	1136457263	2
1136457266	1136457279	13
1136457282	1136457298	16
1136457301	1136457312	11
1136457315	1136457322	7
1136457325	1136457333	8
1136457336	1136457342	6
1136457345	1136457350	5
1136457354	1136457367	13
1136457371	1136457397	26
1136457400	1136457401	1
1136457404	1136457413	9
1136457416	1136457442	26
1136457448	1136457457	9
1136457460	1136457461	1
1136457464	1136457471	7
1136457474	1136457495	21
1136457498	1136457510	12
1136457513	1136457521	8
1136457524	1136457529	5
1136457532	1136457535	3
1136457538	1136457545	7
1136457548	1136457558	10
1136457561	1136457574	13
1136457578	1136457579	1
1136457582	1136457584	2
1136457587	1136457606	19
1136457609	1136457613	4
1136457616	1136457626	10
1136457629	1136457658	29
1136457661	1136457665	4
1136457668	1136457672	4
1136457675	1136457682	7
1136457685	1136457710	25
1136457713	1136457717	4
1136457720	1136457722	2
1136457725	1136457746	21
1136457749	1136457756	7
1136457759	1136457768	9
1136457771	1136457777	6
1136457780	1136457783	3
1136457786	1136457791	5
1136457794	1136457800	6
1136457803	1136457810	7
1136457813	1136457817	4
1136457823	1136457833	10
1136457836	1136457840	4
1136457843	1136457858	15
1136457861	1136457877	16
1136457880	1136457894	14
1136457897	1136457925	28
1136457928	1136457936	8
1136457939	1136457951	12
1136457954	1136457970	16
1136457973	1136458002	29
1136458005	1136458150	145
1136458153	1136458161	8
1136458164	1136458181	17
1136458184	1136458200	16
1136458203	1136458233	30
1136458236	1136458267	31
1136458270	1136458327	57
1136458330	1136458344	14
1136458347	1136458393	46
1136458396	1136458438	42
1136458442	1136458514	72
1136458517	1136458544	27
1136458547	1136458579	32
1136458582	1136458619	37
1136458622	1136458652	30
1136458655	1136458657	2
1136458660	1136458667	7
1136458673	1136458683	10
1136458686	1136458705	19
1136458708	1136458725	17
1136458728	1136458739	11
1136458743	1136458772	29
1136458775	1136458779	4
1136458782	1136458802	20
1136458805	1136458806	1
1136458809	1136458845	36
1136458848	1136458887	39
1136458890	1136458926	36
1136458929	1136458937	8
1136459854	1136460080	226
1136460083	1136460113	30
1136460116	1136460134	18
1136460138	1136460151	13
1136460154	1136460176	22
1136460179	1136460198	19
1136460201	1136460220	19
1136460223	1136460236	13
1136460239	1136460248	9
1136460251	1136460268	17
1136460271	1136460286	15
1136460289	1136460322	33
1136460325	1136460344	19
1136460347	1136460375	28
1136460378	1136460383	5
1136460386	1136460398	12
1136460401	1136460422	21
1136460425	1136460454	29
1136460457	1136460462	5
1136460465	1136460481	16
1136460484	1136460494	10
1136460497	1136460517	20
1136460520	1136460576	56
1136460579	1136460584	5
1136460587	1136460603	16
1136460606	1136460669	63
1136460672	1136460676	4
1136460679	1136460700	21
1136460703	1136460711	8
1136460714	1136460738	24
1136460741	1136460742	1
1136460745	1136460757	12
1136460760	1136460767	7
1136460770	1136460789	19
1136460792	1136460802	10
1136460805	1136460820	15
1136460823	1136460842	19
1136460845	1136460855	10
1136460858	1136460865	7
1136460868	1136460873	5
1136460876	1136460896	20
1136460899	1136460917	18
1136460920	1136460935	15
1136460938	1136460953	15
1136460956	1136460986	30
1136460989	1136461012	23
1136461015	1136461084	69
1136461087	1136461123	36
1136461126	1136461154	28
1136461157	1136461212	55
1136461215	1136461257	42
1136461260	1136461282	22
1136461285	1136461695	410
1136461698	1136461706	8
1136461709	1136461720	11
1136461723	1136461741	18
1136461744	1136461749	5
1136461751	1136461754	3
1136461757	1136461805	48
1136461808	1136461840	32
1136461844	1136461862	18
1136461865	1136461899	34
1136461902	1136461939	37
1136461942	1136461989	47
1136461992	1136462056	64
1136462059	1136462098	39
1136462101	1136462143	42
1136462146	1136462203	57
1136462206	1136462240	34
1136462243	1136462287	44
1136462290	1136462320	30
1136462323	1136462385	62
1136462388	1136462411	23
1136462414	1136462440	26
1136463255	1136466236	2981
1136484026	1136485051	1025
1136485053	1136491302	6249
1136491305	1136492724	1419
1136492726	1136496355	3629
1136496358	1136497433	1075
1136498548	1136506763	8215
1136514829	1136514834	5
1136514837	1136514845	8
1136514848	1136514863	15
1136514866	1136514872	6
1136514875	1136514878	3
1136514881	1136514895	14
1136514898	1136514912	14
1136514915	1136514925	10
1136514928	1136514940	12
1136514943	1136514950	7
1136514953	1136514960	7
1136514963	1136514966	3
1136514969	1136514981	12
1136514984	1136515005	21
1136515008	1136515015	7
1136515018	1136515026	8
1136515029	1136515055	26
1136515058	1136520310	5252
1136520830	1136522359	1529
1136523774	1136524021	247
1136524272	1136526004	1732
1136526008	1136527323	1315
1136527329	1136527333	4
1136529609	1136532019	2410
1136533358	1136534365	1007
1136534367	1136534370	3
1136534374	1136534375	1
1136534378	1136534607	229
1136534609	1136538441	3832
1136539666	1136542511	2845
1136543869	1136545439	1570
1136545441	1136545494	53
1136545496	1136548545	3049
1136548895	1136551312	2417
1136582470	1136583128	658
1136583389	1136584903	1514
1136585203	1136591152	5949
1136591155	1136592982	1827
1136592984	1136594711	1727
1136594713	1136595300	587
1136595302	1136596283	981
1136597527	1136601545	4018
1136601547	1136605693	4146
1136605922	1136607254	1332
1136607256	1136608375	1119
1136608377	1136610402	2025
1136610404	1136612007	1603
1136612009	1136612131	122
1136612133	1136614353	2220
1136614357	1136621510	7153
1136621512	1136621513	1
1136621515	1136622324	809
1136622326	1136622631	305
1136623494	1136630354	6860
1136630704	1136631175	471
1136631180	1136631887	707
1136631889	1136632104	215
1136632106	1136634876	2770
1136634878	1136636142	1264
1136636144	1136643463	7319
1136644116	1136645016	900
1136645018	1136645021	3
1136645025	1136645820	795
1136645823	1136645826	3
1136645829	1136645830	1
1136645835	1136645837	2
1136645839	1136645840	1
1136645842	1136645843	1
1136645845	1136645860	15
1136645993	1136646989	996
1136646991	1136649635	2644
1136799305	1136801202	1897
1136801869	1136803840	1971
1136816633	1136817591	958
1136818477	1136820862	2385
1136820864	1136824858	3994
1136861219	1136865131	3912
1136865133	1136865433	300
1136866393	1136867195	802
1136879795	1136881672	1877
1136881674	1136883215	1541
1136897972	1136899329	1357
1136899331	1136905432	6101
1136905434	1136907996	2562
1136907998	1136910288	2290
1136910824	1136911991	1167
1136912567	1136912601	34
1136954885	1136956029	1144
1137022361	1137026162	3801
1137210884	1137215120	4236
1137215656	1137218923	3267
1137218925	1137225356	6431
1137225358	1137230639	5281
1137230641	1137232408	1767
1137232410	1137233895	1485
1137233897	1137239285	5388
1137239287	1137242239	2952
1137242241	1137245022	2781
1137245024	1137248329	3305
1137248762	1137249598	836
1137249600	1137250703	1103
1137250705	1137250767	62
